Final TimeShift. ns
-248
Plane  Strip  TimeShift. ns
0 0 8.6257927
0 1 8.6341571
0 2 8.6252825
0 3 8.6435093
0 4 8.6357908
0 5 8.6407763
0 6 8.6367704
0 7 8.6446431
0 8 8.6441419
0 9 8.6490765
0 10 8.6376678
0 11 8.6509116
0 12 8.6597849
0 13 8.6569967
0 14 8.6506210
0 15 8.6558243
0 16 8.6513245
0 17 8.6595099
0 18 8.6629119
0 19 8.6605459
0 20 8.6660565
0 21 8.6711930
0 22 8.6694107
0 23 8.6797514
0 24 8.6859840
0 25 8.6794047
0 26 8.6756710
0 27 8.6933776
0 28 8.7055610
0 29 8.7006821
0 30 8.7057968
0 31 8.7133095
0 32 8.7219930
0 33 8.7328048
0 34 8.7272306
0 35 8.7531056
0 36 8.7527792
0 37 8.7622055
0 38 8.7602155
0 39 8.7689691
0 40 8.7827996
0 41 8.7897874
0 42 8.8102530
0 43 8.8160923
0 44 8.8208606
0 45 8.8238447
0 46 8.8287425
0 47 8.8395500
1 0 8.3342800
1 1 8.3340300
1 2 8.3339900
1 3 8.3341500
1 4 8.3345300
1 5 8.3351100
1 6 8.3359100
1 7 8.3369100
1 8 8.3381200
1 9 8.3395400
1 10 8.3411600
1 11 8.3430000
1 12 8.3450400
1 13 8.3472900
1 14 8.3497500
1 15 8.3524200
1 16 8.3552900
1 17 8.3583700
1 18 8.3616500
1 19 8.3651500
1 20 8.3688500
1 21 8.3727500
1 22 8.3768600
1 23 8.3811800
1 24 8.3857000
1 25 8.3904300
1 26 8.3953600
1 27 8.4004900
1 28 8.4058300
1 29 8.4113700
1 30 8.4171200
1 31 8.4230600
1 32 8.4292100
1 33 8.4355600
1 34 8.4421200
1 35 8.4488700
1 36 8.4558200
1 37 8.4629700
1 38 8.4703300
1 39 8.4778800
1 40 8.4856200
1 41 8.4935700
1 42 8.5017100
1 43 8.5100500
1 44 8.5185900
1 45 8.5273200
1 46 8.5362500
1 47 8.5453700
2 0 8.4540395
2 1 8.4533759
2 2 8.4525400
2 3 8.4561538
2 4 8.4572950
2 5 8.4514473
2 6 8.4572137
2 7 8.4618826
2 8 8.4585867
2 9 8.4609274
2 10 8.4677867
2 11 8.4654684
2 12 8.4614761
2 13 8.4651410
2 14 8.4617552
2 15 8.4669536
2 16 8.4718944
2 17 8.4739382
2 18 8.4833362
2 19 8.4862358
2 20 8.4924335
2 21 8.4944331
2 22 8.4960205
2 23 8.4985886
2 24 8.4989283
2 25 8.5052034
2 26 8.5075653
2 27 8.5164803
2 28 8.5285572
2 29 8.5313343
2 30 8.5368430
2 31 8.5441752
2 32 8.5463700
2 33 8.5545543
2 34 8.5615263
2 35 8.5676201
2 36 8.5774361
2 37 8.5795899
2 38 8.5835550
2 39 8.5978980
2 40 8.6060774
2 41 8.6177933
2 42 8.6169287
2 43 8.6292165
2 44 8.6386163
2 45 8.6412333
2 46 8.6484036
2 47 8.6712178
3 0 8.3644070
3 1 8.3714364
3 2 8.3632202
3 3 8.3653561
3 4 8.3691595
3 5 8.3605623
3 6 8.3638692
3 7 8.3697586
3 8 8.3692807
3 9 8.3689848
3 10 8.3744596
3 11 8.3717858
3 12 8.3812318
3 13 8.3769985
3 14 8.3826246
3 15 8.3883748
3 16 8.3750778
3 17 8.3689406
3 18 8.3932320
3 19 8.3912414
3 20 8.3964616
3 21 8.4072950
3 22 8.4099874
3 23 8.4080122
3 24 8.4133340
3 25 8.4239029
3 26 8.4298363
3 27 8.4356027
3 28 8.4415973
3 29 8.4438977
3 30 8.4551375
3 31 8.4562507
3 32 8.4648957
3 33 8.3254410
3 34 8.4790246
3 35 8.4876931
3 36 8.4938697
3 37 8.4970118
3 38 8.4999456
3 39 8.5109335
3 40 8.5272161
3 41 8.5249643
3 42 8.5300290
3 43 8.5374473
3 44 8.5483314
3 45 8.5524055
3 46 8.5690543
3 47 8.5760796
4 0 8.6487872
4 1 8.6454791
4 2 8.6497566
4 3 8.6493841
4 4 8.6476141
4 5 8.6478818
4 6 8.6553906
4 7 8.6605514
4 8 8.6621391
4 9 8.6644659
4 10 8.6644412
4 11 8.6648357
4 12 8.6614232
4 13 8.6595776
4 14 8.6691573
4 15 8.6657188
4 16 8.6703912
4 17 8.6763520
4 18 8.6827551
4 19 8.6872937
4 20 8.6920357
4 21 8.6958319
4 22 8.6959081
4 23 8.7016594
4 24 8.6984272
4 25 8.7164180
4 26 8.7139788
4 27 8.7165558
4 28 8.7239607
4 29 8.7271731
4 30 8.7332703
4 31 8.7340263
4 32 8.7557088
4 33 8.7599165
4 34 8.7597728
4 35 8.7654743
4 36 8.7712765
4 37 8.7715159
4 38 8.7944687
4 39 8.7946297
4 40 8.8016056
4 41 8.8155461
4 42 8.8178390
4 43 8.8285856
4 44 8.8349533
4 45 8.8518457
4 46 8.8633820
4 47 8.8866467
5 0 9.1583740
5 1 9.1412961
5 2 9.1211328
5 3 9.1111005
5 4 9.1209969
5 5 9.0972202
5 6 9.0893552
5 7 9.0877885
5 8 9.0753352
5 9 9.0831819
5 10 9.0717702
5 11 9.0595655
5 12 9.0587755
5 13 9.0461904
5 14 9.0336464
5 15 9.0376008
5 16 9.0318856
5 17 9.0243226
5 18 9.0237799
5 19 9.0160013
5 20 9.0088545
5 21 9.0002505
5 22 9.0053637
5 23 8.9994708
5 24 9.0032887
5 25 8.9979361
5 26 8.9979229
5 27 8.9856759
5 28 8.9774479
5 29 8.9734646
5 30 8.9853668
5 31 8.9742830
5 32 8.9750070
5 33 8.9688956
5 34 8.9608193
5 35 8.9628654
5 36 8.9590191
5 37 8.9548524
5 38 8.9589179
5 39 8.9535933
5 40 8.9493919
5 41 8.9536007
5 42 8.9581503
5 43 8.9498355
5 44 8.9529485
5 45 8.9451738
5 46 8.9553164
5 47 8.9505487
6 0 9.1489705
6 1 9.1420714
6 2 9.1191962
6 3 9.1102099
6 4 9.1046947
6 5 9.0915141
6 6 9.0921168
6 7 9.0940640
6 8 9.0744242
6 9 9.0638919
6 10 9.0634787
6 11 9.0564244
6 12 9.0461199
6 13 9.0374718
6 14 9.0380536
6 15 9.0305111
6 16 9.0292860
6 17 9.0179107
6 18 9.0185650
6 19 9.0125263
6 20 9.0054623
6 21 9.0033940
6 22 8.9977453
6 23 8.9865177
6 24 8.9854887
6 25 8.9821037
6 26 8.9816051
6 27 8.9732469
6 28 8.9684726
6 29 8.9681316
6 30 8.9726353
6 31 8.9609864
6 32 8.9624129
6 33 8.9597892
6 34 8.9557251
6 35 8.9555091
6 36 8.9475777
6 37 8.9565423
6 38 8.9588694
6 39 8.9538315
6 40 8.9548826
6 41 8.9479506
6 42 8.9460532
6 43 8.9447024
6 44 8.9548291
6 45 8.9470802
6 46 8.9536543
6 47 8.9537701
7 0 8.9566072
7 1 8.9476405
7 2 8.9336841
7 3 8.9293327
7 4 8.9203103
7 5 8.9108129
7 6 8.9046680
7 7 8.8967956
7 8 8.8981111
7 9 8.8921854
7 10 8.8809052
7 11 8.8776970
7 12 8.8727215
7 13 8.8597687
7 14 8.8638991
7 15 8.8566543
7 16 8.8480945
7 17 8.8404890
7 18 8.8356161
7 19 8.8290311
7 20 8.8248228
7 21 8.8144940
7 22 8.8194205
7 23 8.8101497
7 24 8.8075491
7 25 8.7984634
7 26 8.7994235
7 27 8.8022629
7 28 8.7972704
7 29 8.7888233
7 30 8.7902651
7 31 8.7856738
7 32 8.7804776
7 33 8.7866805
7 34 8.7745545
7 35 8.7766315
7 36 8.7719571
7 37 8.7716227
7 38 8.7688035
7 39 8.7736990
7 40 8.7768308
7 41 8.7675625
7 42 8.7637932
7 43 8.7674065
7 44 8.7732836
7 45 8.7654287
7 46 8.7709456
7 47 8.7846758
8 0 9.1503501
8 1 9.1392294
8 2 9.1234967
8 3 9.1179183
8 4 9.1032684
8 5 9.1025239
8 6 9.0899053
8 7 9.0875450
8 8 9.0809349
8 9 9.0639429
8 10 9.0689102
8 11 9.0558013
8 12 9.0519967
8 13 9.0453209
8 14 9.0385345
8 15 9.0377203
8 16 9.0288165
8 17 9.0319631
8 18 9.0177472
8 19 9.0157830
8 20 9.0080972
8 21 9.0022023
8 22 9.0009557
8 23 8.9976591
8 24 8.9869621
8 25 8.9909581
8 26 8.9865120
8 27 8.9904373
8 28 8.9809356
8 29 8.9694314
8 30 8.9736611
8 31 8.9669342
8 32 8.9663810
8 33 8.9659423
8 34 8.9678100
8 35 8.9603778
8 36 8.9530795
8 37 8.9563165
8 38 8.9493300
8 39 8.9561801
8 40 8.9566313
8 41 8.9520543
8 42 8.9511418
8 43 8.9468136
8 44 8.9508330
8 45 8.9526007
8 46 8.9536133
8 47 8.9628546
9 0 9.1159263
9 1 9.1092340
9 2 9.1061283
9 3 9.1079772
9 4 9.0952211
9 5 9.0804486
9 6 9.0703825
9 7 9.0758424
9 8 9.0676852
9 9 9.0608448
9 10 9.0490643
9 11 9.0405134
9 12 9.0452208
9 13 8.9503200
9 14 9.0270336
9 15 9.0202111
9 16 9.0086906
9 17 9.0038621
9 18 8.9960848
9 19 8.9865315
9 20 8.9928024
9 21 8.9880481
9 22 8.9814295
9 23 8.9817694
9 24 8.9732412
9 25 8.9689217
9 26 8.9635738
9 27 8.9699718
9 28 8.9669211
9 29 8.9621061
9 30 8.9529501
9 31 8.9526152
9 32 8.9592282
9 33 8.9473902
9 34 8.9406910
9 35 8.9414043
9 36 8.9400292
9 37 8.9424597
9 38 8.9418925
9 39 8.9321329
9 40 8.9344882
9 41 8.9372693
9 42 8.9286620
9 43 8.9346440
9 44 8.9418109
9 45 8.9466614
9 46 8.9346189
9 47 8.9471310
10 0 9.0071293
10 1 8.9975979
10 2 9.0098715
10 3 9.0057408
10 4 8.9970130
10 5 9.0041193
10 6 8.9957239
10 7 8.9900477
10 8 8.9986155
10 9 9.0012827
10 10 9.0079512
10 11 8.9923858
10 12 9.0189327
10 13 9.0078069
10 14 9.0082638
10 15 9.0102204
10 16 9.0228773
10 17 9.0257289
10 18 9.0191134
10 19 9.0321257
10 20 9.0308569
10 21 9.0370893
10 22 9.0402727
10 23 9.0383627
10 24 9.0453143
10 25 9.0489868
10 26 9.0599956
10 27 9.0661732
10 28 9.0647178
10 29 9.0709229
10 30 9.0828427
10 31 9.0832559
10 32 9.0855441
10 33 9.0940908
10 34 9.1015010
10 35 9.1168792
10 36 9.1283632
10 37 9.1217838
10 38 9.1342977
10 39 9.1511285
10 40 9.1551557
10 41 9.1581828
10 42 9.1537486
10 43 9.1796580
10 44 9.1942357
10 45 9.1958952
10 46 9.2042741
10 47 9.2218696
11 0 8.7169900
11 1 8.7100448
11 2 8.7129339
11 3 8.7177063
11 4 8.7220938
11 5 8.7205517
11 6 8.7208936
11 7 8.7240185
11 8 8.7242132
11 9 8.7305691
11 10 8.7311772
11 11 8.7290109
11 12 8.7339225
11 13 8.7434658
11 14 8.7345442
11 15 8.7480041
11 16 8.7450469
11 17 8.7590211
11 18 8.7524640
11 19 8.7641663
11 20 8.7676110
11 21 8.7650949
11 22 8.7684122
11 23 8.7718874
11 24 8.7765033
11 25 8.7889565
11 26 8.7874502
11 27 8.7889087
11 28 8.7966929
11 29 8.8049083
11 30 8.8132776
11 31 8.8178098
11 32 8.8235895
11 33 8.8380739
11 34 8.8405611
11 35 8.8412357
11 36 8.8515149
11 37 8.8528365
11 38 8.8646359
11 39 8.8730343
11 40 8.8761102
11 41 8.8819815
11 42 8.8994340
11 43 8.9022252
11 44 8.9173762
11 45 8.9315704
11 46 8.9438777
11 47 8.9505643
12 0 8.8340385
12 1 8.8332498
12 2 8.8191344
12 3 8.8442869
12 4 8.8334634
12 5 8.8300740
12 6 8.8422563
12 7 8.8354250
12 8 8.8311276
12 9 8.8390502
12 10 8.8405561
12 11 8.8420553
12 12 8.8419789
12 13 8.8478026
12 14 8.8465584
12 15 8.8518094
12 16 8.8567634
12 17 8.8660060
12 18 8.8581125
12 19 8.8685850
12 20 8.8750969
12 21 8.8698800
12 22 8.8779974
12 23 8.8925380
12 24 8.8840763
12 25 8.8965243
12 26 8.8969425
12 27 8.8972305
12 28 8.9078822
12 29 8.9112995
12 30 8.9250743
12 31 8.9253011
12 32 8.9222733
12 33 8.9354885
12 34 8.9436209
12 35 8.9496522
12 36 8.9528251
12 37 8.9670544
12 38 8.9773676
12 39 8.9816459
12 40 8.9893184
12 41 8.9885401
12 42 9.0007387
12 43 9.0071157
12 44 9.0198986
12 45 9.0428301
12 46 9.0402848
12 47 9.0540670
13 0 8.7300607
13 1 8.7274907
13 2 8.7258835
13 3 8.7344887
13 4 8.7317358
13 5 8.7263831
13 6 8.7292725
13 7 8.7292601
13 8 8.7337391
13 9 8.7314923
13 10 8.7349591
13 11 8.7421891
13 12 8.7396322
13 13 8.7395426
13 14 8.7348551
13 15 8.7441186
13 16 8.7496999
13 17 8.7591766
13 18 8.7532917
13 19 8.7629879
13 20 8.7740644
13 21 8.7719434
13 22 8.7742562
13 23 8.7785527
13 24 8.7863742
13 25 8.7868771
13 26 8.7891209
13 27 8.8018150
13 28 8.8098457
13 29 8.8087973
13 30 8.8246343
13 31 8.8206481
13 32 8.8291368
13 33 8.8321759
13 34 8.8406584
13 35 8.8505385
13 36 8.8564461
13 37 8.8601325
13 38 8.8717518
13 39 8.8769125
13 40 8.8844494
13 41 8.8949310
13 42 8.8965190
13 43 8.9082785
13 44 8.9169941
13 45 8.9286025
13 46 8.9444176
13 47 8.9510547
14 0 9.0155990
14 1 9.0156890
14 2 9.0159690
14 3 9.0164390
14 4 9.0171090
14 5 9.0179590
14 6 9.0190190
14 7 9.0202590
14 8 9.0216990
14 9 9.0233290
14 10 9.0251490
14 11 9.0271690
14 12 9.0293790
14 13 9.0317790
14 14 9.0343690
14 15 9.0371590
14 16 9.0401290
14 17 9.0432990
14 18 9.0466590
14 19 9.0502090
14 20 9.0539590
14 21 9.0578890
14 22 9.0620090
14 23 9.0663290
14 24 9.0734720
14 25 9.0769906
14 26 9.0778310
14 27 9.0824525
14 28 9.0893826
14 29 9.0875305
14 30 9.1010171
14 31 9.1099428
14 32 9.1152406
14 33 9.1314882
14 34 9.1198579
14 35 9.1325198
14 36 9.1468973
14 37 9.1488904
14 38 9.1576981
14 39 9.1592494
14 40 9.1669743
14 41 9.1779686
14 42 9.1821182
14 43 9.1912860
14 44 9.2098120
14 45 9.2027911
14 46 9.2055532
14 47 9.2282898
15 0 8.5897625
15 1 8.5809131
15 2 8.5860089
15 3 8.5569208
15 4 8.5616007
15 5 8.5590693
15 6 8.5535484
15 7 8.5369893
15 8 8.5284136
15 9 8.5247508
15 10 8.5244518
15 11 8.4989220
15 12 8.5005457
15 13 8.5002879
15 14 8.4927498
15 15 8.4868048
15 16 8.4812211
15 17 8.4793796
15 18 8.4752676
15 19 8.4568632
15 20 8.4607483
15 21 8.4542539
15 22 8.4522580
15 23 8.4425407
15 24 8.4395767
15 25 8.4413368
15 26 8.4417238
15 27 8.4228150
15 28 8.4235390
15 29 8.4253967
15 30 8.4299945
15 31 8.4241209
15 32 8.4212267
15 33 8.4209574
15 34 8.4245320
15 35 8.4163730
15 36 8.4115228
15 37 8.4158701
15 38 8.4151862
15 39 8.4132617
15 40 8.4078658
15 41 8.4085351
15 42 8.4112934
15 43 8.4146985
15 44 8.4161504
15 45 8.4166324
15 46 8.4194321
15 47 8.4282850
16 0 8.5660500
16 1 8.5578400
16 2 8.5498300
16 3 8.5420100
16 4 8.5343900
16 5 8.5269700
16 6 8.5197400
16 7 8.5127100
16 8 8.5058800
16 9 8.4992500
16 10 8.4928200
16 11 8.4865900
16 12 8.4805600
16 13 8.4747300
16 14 8.4691000
16 15 8.4636700
16 16 8.4584500
16 17 8.4534300
16 18 8.4486100
16 19 8.4439900
16 20 8.4395800
16 21 8.4353700
16 22 8.4313700
16 23 8.4275600
16 24 8.4239700
16 25 8.4205800
16 26 8.4173900
16 27 8.4144100
16 28 8.4116400
16 29 8.4090700
16 30 8.4067100
16 31 8.4045500
16 32 8.4026000
16 33 8.4008600
16 34 8.3993200
16 35 8.3979900
16 36 8.3968600
16 37 8.3959500
16 38 8.3952400
16 39 8.3947300
16 40 8.3944400
16 41 8.3943500
16 42 8.3944700
16 43 8.3948000
16 44 8.3953300
16 45 8.3960700
16 46 8.3970100
16 47 8.3981700
17 0 8.3844700
17 1 8.3760900
17 2 8.3679000
17 3 8.3599100
17 4 8.3521200
17 5 8.3445400
17 6 8.3371500
17 7 8.3299700
17 8 8.3229900
17 9 8.3162200
17 10 8.3096400
17 11 8.3032800
17 12 8.2971100
17 13 8.2911500
17 14 8.2854000
17 15 8.2798500
17 16 8.2745100
17 17 8.2693800
17 18 8.2644500
17 19 8.2597300
17 20 8.2552200
17 21 8.2509200
17 22 8.2468200
17 23 8.2429400
17 24 8.2392600
17 25 8.2358000
17 26 8.2325400
17 27 8.2294900
17 28 8.2266500
17 29 8.2240300
17 30 8.2216100
17 31 8.2194100
17 32 8.2174100
17 33 8.2156300
17 34 8.2140600
17 35 8.2127000
17 36 8.2115500
17 37 8.2106100
17 38 8.2098800
17 39 8.2093700
17 40 8.2090700
17 41 8.2089800
17 42 8.2091000
17 43 8.2094300
17 44 8.2099800
17 45 8.2107300
17 46 8.2117000
17 47 8.2128800
18 0 8.5850953
18 1 8.5764036
18 2 8.5721450
18 3 8.5694014
18 4 8.5651333
18 5 8.5488380
18 6 8.5470355
18 7 8.5550427
18 8 8.5410777
18 9 8.5411063
18 10 8.5332401
18 11 8.5265566
18 12 8.5109476
18 13 8.5140454
18 14 8.5081894
18 15 8.4957142
18 16 8.4993313
18 17 8.4897766
18 18 8.4849960
18 19 8.4820037
18 20 8.4757752
18 21 8.4647903
18 22 8.4634947
18 23 8.4694112
18 24 8.4519129
18 25 8.4530010
18 26 8.4473980
18 27 8.4534216
18 28 8.4357566
18 29 8.4381977
18 30 8.4365059
18 31 8.4341000
18 32 8.4398576
18 33 8.4316533
18 34 8.4299551
18 35 8.4207386
18 36 8.4412126
18 37 8.4283708
18 38 8.4228060
18 39 8.4210390
18 40 8.4359415
18 41 8.4314266
18 42 8.4280177
18 43 8.4325012
18 44 8.4266881
18 45 8.4278749
18 46 8.4293226
18 47 8.4344940
19 0 8.6011067
19 1 8.5987163
19 2 8.5866045
19 3 8.5752939
19 4 8.5664985
19 5 8.5547171
19 6 8.5481749
19 7 8.5407457
19 8 8.5399773
19 9 8.5231655
19 10 8.5196067
19 11 8.5116098
19 12 8.5078660
19 13 8.5002344
19 14 8.4996022
19 15 8.4815531
19 16 8.4824470
19 17 8.4836992
19 18 8.4738144
19 19 8.4664732
19 20 8.4663556
19 21 8.4652603
19 22 8.4560225
19 23 8.4555660
19 24 8.4617499
19 25 8.4469134
19 26 8.4425107
19 27 8.4344748
19 28 8.4413725
19 29 8.4275561
19 30 8.4337680
19 31 8.4337567
19 32 8.4307330
19 33 8.4330448
19 34 8.4268858
19 35 8.4291730
19 36 8.4166497
19 37 8.4250544
19 38 8.4221275
19 39 8.4267744
19 40 8.4220800
19 41 8.4200298
19 42 8.4205707
19 43 8.4222014
19 44 8.4178906
19 45 8.4192200
19 46 8.4226862
19 47 8.4226353
  
  
  
  
  
  
  
  
  
  
  
  
  
  
  
  
  
  
  
  
  
  
  
  
  
  
  
  
  
  
  
  
  
  
  
  
  
  
  
  
  
  
  
  
  
  
  
  
  
  
  
  
  
  
  
  
  
  
  
  
  
  
  
  
  
  
  
  
  
  
  
  
  
  
  
  
  
  
  
  
  
  
  
  
  
  
  
  
  
  
  
  
  
  
  
  
  
  
  
  
  
  
  
  
  

  
  
  
  
  
  
  
  
  
  
  
  
  
  
  
  
  
  
  
  
  
  
  
  
  
  
  
  
  
  
  
  
  
  
  
