Final TimeShift. ns
-248
Plane  Strip  TimeShift. ns
0 0 8.5921054
0 1 8.6004007
0 2 8.5870558
0 3 8.6101656
0 4 8.6002287
0 5 8.6076473
0 6 8.5996968
0 7 8.6104361
0 8 8.6099506
0 9 8.6144958
0 10 8.6044921
0 11 8.6203158
0 12 8.6259455
0 13 8.6244011
0 14 8.6161688
0 15 8.6261722
0 16 8.6158139
0 17 8.625209
0 18 8.6286121
0 19 8.6232358
0 20 8.628533
0 21 8.6365081
0 22 8.6339069
0 23 8.6449819
0 24 8.6481065
0 25 8.6378975
0 26 8.63423551
0 27 8.6558753
0 28 8.6676917
0 29 8.665674
0 30 8.6671
0 31 8.6758583
0 32 8.6835596
0 33 8.6949728
0 34 8.6889401
0 35 8.7163738
0 36 8.7128497
0 37 8.7285294
0 38 8.7241713
0 39 8.7366869
0 40 8.7491704
0 41 8.7536107
0 42 8.7774681
0 43 8.7706889
0 44 8.7881219
0 45 8.7863211
0 46 8.7966458
0 47 8.8083643
1 0 8.294967
1 1 8.294639
1 2 8.294521
1 3 8.294613
1 4 8.294913
1 5 8.295424
1 6 8.296144
1 7 8.297073
1 8 8.298212
1 9 8.299561
1 10 8.301118
1 11 8.302885
1 12 8.30486
1 13 8.307044
1 14 8.309437
1 15 8.312039
1 16 8.314848
1 17 8.317866
1 18 8.321092
1 19 8.324525
1 20 8.328165
1 21 8.332013
1 22 8.336067
1 23 8.340328
1 24 8.344795
1 25 8.349468
1 26 8.354347
1 27 8.35943
1 28 8.364718
1 29 8.370211
1 30 8.375907
1 31 8.381807
1 32 8.387911
1 33 8.394217
1 34 8.400725
1 35 8.407434
1 36 8.414346
1 37 8.421457
1 38 8.42877
1 39 8.436281
1 40 8.443993
1 41 8.451902
1 42 8.46001
1 43 8.468316
1 44 8.476818
1 45 8.485517
1 46 8.494411
1 47 8.503501
2 0 8.416268
2 1 8.4184092
2 2 8.4155358
2 3 8.4213065
2 4 8.4243696
2 5 8.4153412
2 6 8.4214064
2 7 8.4268621
2 8 8.4269141
2 9 8.4245607
2 10 8.4333277
2 11 8.4293356
2 12 8.4252794
2 13 8.4301394
2 14 8.4241086
2 15 8.4292639
2 16 8.4357929
2 17 8.4394694
2 18 8.4478873
2 19 8.4520672
2 20 8.4588181
2 21 8.4585906
2 22 8.4598204
2 23 8.4640554
2 24 8.4603021
2 25 8.4658807
2 26 8.4712807
2 27 8.4786477
2 28 8.4915737
2 29 8.4947121
2 30 8.5002471
2 31 8.5065929
2 32 8.5117709
2 33 8.5179897
2 34 8.5266958
2 35 8.5287804
2 36 8.5402198
2 37 8.5407189
2 38 8.542305
2 39 8.5618483
2 40 8.5720514
2 41 8.5822904
2 42 8.5790913
2 43 8.5886861
2 44 8.6004559
2 45 8.6042094
2 46 8.6090543
2 47 8.6357378
3 0 8.3319179
3 1 8.3385367
3 2 8.3301639
3 3 8.3310435
3 4 8.3355241
3 5 8.3259653
3 6 8.3275135
3 7 8.3336552
3 8 8.3341754
3 9 8.3342737
3 10 8.3394805
3 11 8.3359737
3 12 8.3445934
3 13 8.3402792
3 14 8.3477785
3 15 8.3544306
3 16 8.33894047
3 17 8.33159824
3 18 8.3564163
3 19 8.3556957
3 20 8.3599377
3 21 8.3718858
3 22 8.3737596
3 23 8.3716578
3 24 8.3753553
3 25 8.3875945
3 26 8.3936137
3 27 8.3998132
3 28 8.4040976
3 29 8.4088477
3 30 8.418028
3 31 8.4204733
3 32 8.42721
3 33 8.284923
3 34 8.4413885
3 35 8.4495693
3 36 8.453684
3 37 8.4587018
3 38 8.4622739
3 39 8.4739132
3 40 8.491668
3 41 8.4873528
3 42 8.4931818
3 43 8.5006862
3 44 8.5090961
3 45 8.5168296
3 46 8.5357134
3 47 8.5380378
4 0 8.6153482
4 1 8.60519052
4 2 8.6148792
4 3 8.61317928
4 4 8.61071819
4 5 8.61366858
4 6 8.6182371
4 7 8.6287957
4 8 8.6293062
4 9 8.6303555
4 10 8.6334454
4 11 8.6303217
4 12 8.6252416
4 13 8.62481604
4 14 8.6333581
4 15 8.6321252
4 16 8.6368573
4 17 8.6398084
4 18 8.6491111
4 19 8.6528867
4 20 8.6564272
4 21 8.659347
4 22 8.6602495
4 23 8.6643399
4 24 8.6632702
4 25 8.6815508
4 26 8.676424
4 27 8.6796837
4 28 8.6876378
4 29 8.6904784
4 30 8.6971271
4 31 8.69658637
4 32 8.7206163
4 33 8.7241847
4 34 8.7246703
4 35 8.7277698
4 36 8.7340359
4 37 8.7347712
4 38 8.7572521
4 39 8.7583084
4 40 8.7618562
4 41 8.7823449
4 42 8.7798171
4 43 8.7962097
4 44 8.7978324
4 45 8.8199477
4 46 8.8259121
4 47 8.8535789
5 0 9.1264402
5 1 9.1029567
5 2 9.0873265
5 3 9.0732077
5 4 9.092817
5 5 9.0662732
5 6 9.0534606
5 7 9.0541825
5 8 9.0366303
5 9 9.0389514
5 10 9.0405513
5 11 9.0261104
5 12 9.0267219
5 13 9.0121929
5 14 8.999968
5 15 9.0026943
5 16 8.9956188
5 17 8.9907863
5 18 8.9804687
5 19 8.9843788
5 20 8.9783146
5 21 8.9611687
5 22 8.9697702
5 23 8.966353
5 24 8.9767143
5 25 8.9557076
5 26 8.9643917
5 27 8.9561734
5 28 8.94499
5 29 8.9440214
5 30 8.9541446
5 31 8.9426568
5 32 8.941495
5 33 8.9327936
5 34 8.9215244
5 35 8.9310562
5 36 8.9260733
5 37 8.9186419
5 38 8.9193209
5 39 8.913878
5 40 8.9132489
5 41 8.9207527
5 42 8.9155499
5 43 8.9091972
5 44 8.92158
5 45 8.9071796
5 46 8.9169484
5 47 8.9101168
6 0 9.1154132
6 1 9.1065017
6 2 9.0882889
6 3 9.0733229
6 4 9.0697516
6 5 9.0565341
6 6 9.0564757
6 7 9.0553585
6 8 9.0389755
6 9 9.0289486
6 10 9.0329335
6 11 9.0196826
6 12 9.0100253
6 13 9.0023506
6 14 8.9995964
6 15 8.9962042
6 16 8.9964885
6 17 8.9810074
6 18 8.9855726
6 19 8.9725505
6 20 8.9677372
6 21 8.9672896
6 22 8.9601459
6 23 8.9530269
6 24 8.9479177
6 25 8.9459688
6 26 8.9446906
6 27 8.937834
6 28 8.9341373
6 29 8.9307857
6 30 8.9357315
6 31 8.9266146
6 32 8.927354
6 33 8.9267429
6 34 8.9208854
6 35 8.9188566
6 36 8.9090988
6 37 8.9208225
6 38 8.9163556
6 39 8.913909
6 40 8.9240798
6 41 8.9111073
6 42 8.9128894
6 43 8.9041715
6 44 8.9132857
6 45 8.9038114
6 46 8.9174659
6 47 8.9175099
7 0 8.92728
7 1 8.9177001
7 2 8.9019822
7 3 8.8951994
7 4 8.8829078
7 5 8.8804624
7 6 8.8684104
7 7 8.8619027
7 8 8.863865
7 9 8.8566318
7 10 8.8461823
7 11 8.8475869
7 12 8.8367556
7 13 8.82805
7 14 8.8307277
7 15 8.8223123
7 16 8.8147685
7 17 8.8080946
7 18 8.8017303
7 19 8.7972575
7 20 8.7912708
7 21 8.7799678
7 22 8.7814779
7 23 8.7802537
7 24 8.7698982
7 25 8.7657789
7 26 8.7674572
7 27 8.7681903
7 28 8.7637958
7 29 8.7513587
7 30 8.7494723
7 31 8.7481635
7 32 8.7435795
7 33 8.7470451
7 34 8.7387905
7 35 8.7395853
7 36 8.7354223
7 37 8.7352185
7 38 8.7327208
7 39 8.7356868
7 40 8.7397379
7 41 8.7326911
7 42 8.72834
7 43 8.7291953
7 44 8.7370669
7 45 8.7338401
7 46 8.7367951
7 47 8.7456852
8 0 9.1118283
8 1 9.1110692
8 2 9.0883381
8 3 9.0873502
8 4 9.0682391
8 5 9.0640188
8 6 9.0581472
8 7 9.0517733
8 8 9.0491864
8 9 9.0336344
8 10 9.0343166
8 11 9.0216634
8 12 9.0182019
8 13 9.012856
8 14 9.0060055
8 15 9.0002335
8 16 9.0030384
8 17 8.9983152
8 18 8.9794726
8 19 8.9865091
8 20 8.9712707
8 21 8.964649
8 22 8.9591056
8 23 8.9647227
8 24 8.9498229
8 25 8.9541516
8 26 8.9511452
8 27 8.9554
8 28 8.9462089
8 29 8.9298025
8 30 8.9356194
8 31 8.935768
8 32 8.9286953
8 33 8.9316727
8 34 8.9308865
8 35 8.9249157
8 36 8.9184384
8 37 8.9235051
8 38 8.908092
8 39 8.9205411
8 40 8.9182949
8 41 8.9133962
8 42 8.9177896
8 43 8.9101102
8 44 8.9140288
8 45 8.9171002
8 46 8.9206865
8 47 8.924548
9 0 9.0813285
9 1 9.0748216
9 2 9.0722625
9 3 9.0741463
9 4 9.0582749
9 5 9.0435044
9 6 9.0400461
9 7 9.0412254
9 8 9.0329508
9 9 9.0266502
9 10 9.0175458
9 11 9.0059591
9 12 9.0098767
9 13 8.9290914
9 14 8.9926399
9 15 8.9872979
9 16 8.9753953
9 17 8.9688069
9 18 8.9603214
9 19 8.95010607
9 20 8.9543427
9 21 8.952805
9 22 8.9467634
9 23 8.9408134
9 24 8.9343572
9 25 8.9304459
9 26 8.9279442
9 27 8.9352111
9 28 8.9245158
9 29 8.923806
9 30 8.9187227
9 31 8.9173517
9 32 8.9264989
9 33 8.9069941
9 34 8.9080713
9 35 8.9064618
9 36 8.9039501
9 37 8.9082919
9 38 8.9036734
9 39 8.8958366
9 40 8.8986665
9 41 8.9030853
9 42 8.8898219
9 43 8.8965102
9 44 8.9031225
9 45 8.9161798
9 46 8.8974294
9 47 8.8982783
10 0 9.0100548
10 1 8.9880126
10 2 9.0105642
10 3 8.9894668
10 4 8.9938453
10 5 8.9954456
10 6 8.9884603
10 7 8.9870816
10 8 8.9925704
10 9 9.0006928
10 10 8.998186
10 11 8.9858055
10 12 9.0050903
10 13 9.0033366
10 14 9.0030363
10 15 9.0008388
10 16 9.0151375
10 17 9.0145378
10 18 9.0061644
10 19 9.027635
10 20 9.022985
10 21 9.03351
10 22 9.0368858
10 23 9.0317525
10 24 9.0372586
10 25 9.0427429
10 26 9.0534379
10 27 9.0603979
10 28 9.0526867
10 29 9.05958
10 30 9.0775864
10 31 9.0781589
10 32 9.0747559
10 33 9.087853
10 34 9.0935175
10 35 9.1104506
10 36 9.1168328
10 37 9.1138703
10 38 9.1218253
10 39 9.1449872
10 40 9.1480506
10 41 9.1432217
10 42 9.1400754
10 43 9.1706009
10 44 9.1848109
10 45 9.1855508
10 46 9.1936914
10 47 9.2130159
11 0 8.7062416
11 1 8.7043312
11 2 8.7149338
11 3 8.71996
11 4 8.7183532
11 5 8.7104775
11 6 8.7119519
11 7 8.7202012
11 8 8.7206752
11 9 8.7249875
11 10 8.7246222
11 11 8.7259606
11 12 8.7252729
11 13 8.7397808
11 14 8.7306623
11 15 8.736409
11 16 8.738138
11 17 8.7520462
11 18 8.7426695
11 19 8.7647258
11 20 8.7580889
11 21 8.7566248
11 22 8.7619412
11 23 8.7646822
11 24 8.7755995
11 25 8.7804247
11 26 8.7771566
11 27 8.7811553
11 28 8.7843091
11 29 8.7957702
11 30 8.8046876
11 31 8.8048484
11 32 8.8170413
11 33 8.8255921
11 34 8.831055
11 35 8.8287013
11 36 8.8416573
11 37 8.8400786
11 38 8.8554043
11 39 8.8634283
11 40 8.8646791
11 41 8.8690216
11 42 8.8886819
11 43 8.8904119
11 44 8.9088297
11 45 8.918312
11 46 8.9289151
11 47 8.9433657
12 0 8.8328168
12 1 8.8356666
12 2 8.8150264
12 3 8.8379771
12 4 8.829351
12 5 8.8327243
12 6 8.8321032
12 7 8.8292816
12 8 8.8272842
12 9 8.8360387
12 10 8.8344555
12 11 8.8396674
12 12 8.832294
12 13 8.839799
12 14 8.8408833
12 15 8.8459454
12 16 8.851106
12 17 8.8597981
12 18 8.8507996
12 19 8.8596093
12 20 8.8706245
12 21 8.8609394
12 22 8.8639173
12 23 8.8811769
12 24 8.8794528
12 25 8.8905096
12 26 8.8909424
12 27 8.8892079
12 28 8.8971335
12 29 8.9034527
12 30 8.9177692
12 31 8.9127264
12 32 8.9115586
12 33 8.9238024
12 34 8.9350709
12 35 8.9352759
12 36 8.9436431
12 37 8.953296
12 38 8.9723993
12 39 8.9730069
12 40 8.9796931
12 41 8.97761
12 42 8.9930639
12 43 8.9952577
12 44 9.0124246
12 45 9.0307943
12 46 9.0314007
12 47 9.0319566
13 0 8.7329701
13 1 8.7303554
13 2 8.728688
13 3 8.7347689
13 4 8.7347892
13 5 8.7269937
13 6 8.728017
13 7 8.7288042
13 8 8.7357004
13 9 8.7302198
13 10 8.7373738
13 11 8.7417695
13 12 8.7391777
13 13 8.7398988
13 14 8.7329114
13 15 8.7442029
13 16 8.7498567
13 17 8.7594987
13 18 8.7507553
13 19 8.7630725
13 20 8.7756831
13 21 8.7707947
13 22 8.7722986
13 23 8.7750299
13 24 8.7852832
13 25 8.7846295
13 26 8.7851508
13 27 8.7991789
13 28 8.8065111
13 29 8.805654
13 30 8.8182537
13 31 8.8175897
13 32 8.8256151
13 33 8.8277979
13 34 8.8357442
13 35 8.8467825
13 36 8.8497009
13 37 8.856621
13 38 8.8674949
13 39 8.8747565
13 40 8.8791239
13 41 8.8913984
13 42 8.8895185
13 43 8.9010228
13 44 8.9128069
13 45 8.9286614
13 46 8.9412741
13 47 8.9464847
14 0 9.01673615
14 1 9.01662715
14 2 9.01671015
14 3 9.01698715
14 4 9.01745715
14 5 9.01812115
14 6 9.01897815
14 7 9.02002815
14 8 9.02127115
14 9 9.02270815
14 10 9.02433715
14 11 9.02615915
14 12 9.02817415
14 13 9.03038215
14 14 9.03278215
14 15 9.03537515
14 16 9.03815915
14 17 9.04113615
14 18 9.04430415
14 19 9.04766415
14 20 9.05121615
14 21 9.05495815
14 22 9.05889215
14 23 9.06301615
14 24 9.0677528
14 25 9.0723731
14 26 9.0724156
14 27 9.0794635
14 28 9.083767
14 29 9.0824541
14 30 9.0948888
14 31 9.1066214
14 32 9.1093126
14 33 9.1269421
14 34 9.1161743
14 35 9.1262792
14 36 9.1414357
14 37 9.1434216
14 38 9.1551644
14 39 9.1540026
14 40 9.1597343
14 41 9.170358
14 42 9.1756257
14 43 9.1862084
14 44 9.2025788
14 45 9.1930699
14 46 9.1970411
14 47 9.2228366
15 0 8.5997665
15 1 8.5781057
15 2 8.5977341
15 3 8.5623737
15 4 8.5713525
15 5 8.5691569
15 6 8.5623489
15 7 8.5382917
15 8 8.533844
15 9 8.5350524
15 10 8.5365123
15 11 8.4978098
15 12 8.5048271
15 13 8.5060903
15 14 8.4989394
15 15 8.4939721
15 16 8.4876357
15 17 8.4875909
15 18 8.4712288
15 19 8.4599389
15 20 8.4642362
15 21 8.4595213
15 22 8.4526515
15 23 8.4419082
15 24 8.4455038
15 25 8.4411413
15 26 8.445946
15 27 8.4231511
15 28 8.4276621
15 29 8.4265928
15 30 8.4341899
15 31 8.4254166
15 32 8.4222124
15 33 8.4223063
15 34 8.4284478
15 35 8.4180905
15 36 8.4120764
15 37 8.4171069
15 38 8.4165298
15 39 8.4137359
15 40 8.4085095
15 41 8.4073353
15 42 8.4109026
15 43 8.4129749
15 44 8.4167837
15 45 8.4174926
15 46 8.4178732
15 47 8.4247842
16 0 8.569666
16 1 8.561256
16 2 8.55304
16 3 8.545019
16 4 8.537195
16 5 8.529567
16 6 8.522137
16 7 8.514904
16 8 8.50787
16 9 8.501034
16 10 8.494397
16 11 8.48796
16 12 8.481723
16 13 8.475687
16 14 8.469851
16 15 8.464217
16 16 8.458785
16 17 8.453555
16 18 8.448527
16 19 8.443702
16 20 8.439081
16 21 8.434663
16 22 8.430449
16 23 8.426439
16 24 8.422634
16 25 8.419033
16 26 8.415638
16 27 8.412448
16 28 8.409463
16 29 8.406684
16 30 8.404111
16 31 8.401745
16 32 8.399584
16 33 8.39763
16 34 8.395883
16 35 8.394342
16 36 8.393008
16 37 8.391882
16 38 8.390962
16 39 8.390249
16 40 8.389744
16 41 8.389445
16 42 8.389354
16 43 8.38947
16 44 8.389794
16 45 8.390324
16 46 8.391062
16 47 8.392007
17 0 8.388244
17 1 8.379651
17 2 8.371257
17 3 8.363062
17 4 8.355068
17 5 8.347274
17 6 8.339681
17 7 8.33229
17 8 8.325101
17 9 8.318115
17 10 8.311332
17 11 8.304753
17 12 8.298378
17 13 8.292208
17 14 8.286244
17 15 8.280485
17 16 8.274932
17 17 8.269585
17 18 8.264446
17 19 8.259514
17 20 8.254789
17 21 8.250272
17 22 8.245964
17 23 8.241865
17 24 8.237974
17 25 8.234293
17 26 8.230821
17 27 8.22756
17 28 8.224508
17 29 8.221666
17 30 8.219036
17 31 8.216616
17 32 8.214406
17 33 8.212408
17 34 8.210622
17 35 8.209046
17 36 8.207682
17 37 8.20653
17 38 8.205589
17 39 8.204861
17 40 8.204344
17 41 8.204039
17 42 8.203945
17 43 8.204064
17 44 8.204395
17 45 8.204937
17 46 8.205692
17 47 8.206658
18 0 8.58852825
18 1 8.5850362
18 2 8.5795733
18 3 8.5750909
18 4 8.5743838
18 5 8.5586605
18 6 8.5546081
18 7 8.5646473
18 8 8.5475049
18 9 8.5534623
18 10 8.5422158
18 11 8.5277939
18 12 8.5198063
18 13 8.5198931
18 14 8.5123704
18 15 8.4999936
18 16 8.5064366
18 17 8.4967484
18 18 8.4943228
18 19 8.4893494
18 20 8.4798361
18 21 8.4704509
18 22 8.4696804
18 23 8.4740168
18 24 8.454021
18 25 8.4564257
18 26 8.4536374
18 27 8.4587564
18 28 8.4444646
18 29 8.4381791
18 30 8.4365572
18 31 8.4328028
18 32 8.4429689
18 33 8.4340814
18 34 8.4315647
18 35 8.4193298
18 36 8.4464198
18 37 8.4323035
18 38 8.4263051
18 39 8.4233708
18 40 8.4380741
18 41 8.4357388
18 42 8.4319663
18 43 8.4326691
18 44 8.4284353
18 45 8.4274549
18 46 8.4306779
18 47 8.434233
19 0 8.6023401
19 1 8.6113744
19 2 8.5943417
19 3 8.5812516
19 4 8.5725494
19 5 8.55745418
19 6 8.55340994
19 7 8.54586306
19 8 8.5483805
19 9 8.52687796
19 10 8.5213832
19 11 8.5167426
19 12 8.51340008
19 13 8.50480593
19 14 8.503095
19 15 8.48477171
19 16 8.48624659
19 17 8.4890171
19 18 8.47831482
19 19 8.46955913
19 20 8.46970981
19 21 8.4684983
19 22 8.45909135
19 23 8.45905842
19 24 8.4658047
19 25 8.44816366
19 26 8.44277545
19 27 8.434378064
19 28 8.4439302
19 29 8.42840189
19 30 8.43371965
19 31 8.4368586
19 32 8.43014431
19 33 8.4344859
19 34 8.42401454
19 35 8.4293215
19 36 8.415031904
19 37 8.42380026
19 38 8.42223075
19 39 8.4272051
19 40 8.4202005
19 41 8.41866121
19 42 8.4196447
19 43 8.41870375
19 44 8.413556713
19 45 8.41632482
19 46 8.42077751
19 47 8.41718037
  
  
  
  
  
  
  
  
  
  
  
  
  
  
  
  
  
  
  
  
  
  
  
  
  
  
  
  
  
  
  
  
  
  
  
  
