Common TimeShift, ns
-248 ns
Plane	 Strip	 TimeShift, ns
0 0 8.6116
0 1 8.61136
0 2 8.61132
0 3 8.61149
0 4 8.61185
0 5 8.61242
0 6 8.61318
0 7 8.61415
0 8 8.61532
0 9 8.6167
0 10 8.61827
0 11 8.62005
0 12 8.62202
0 13 8.6242
0 14 8.62658
0 15 8.62916
0 16 8.63194
0 17 8.63492
0 18 8.6381
0 19 8.64148
0 20 8.64506
0 21 8.64885
0 22 8.65283
0 23 8.657
0 24 8.66138
0 25 8.66596
0 26 8.67073
0 27 8.6757
0 28 8.68087
0 29 8.68624
0 30 8.6918
0 31 8.69756
0 32 8.70352
0 33 8.70967
0 34 8.71601
0 35 8.72255
0 36 8.72929
0 37 8.73622
0 38 8.74334
0 39 8.75065
0 40 8.75816
0 41 8.76586
0 42 8.77375
0 43 8.78183
0 44 8.7901
0 45 8.79857
0 46 8.80722
0 47 8.81606
1 0 8.33428
1 1 8.33403
1 2 8.33399
1 3 8.33415
1 4 8.33453
1 5 8.33511
1 6 8.33591
1 7 8.33691
1 8 8.33812
1 9 8.33954
1 10 8.34116
1 11 8.343
1 12 8.34504
1 13 8.34729
1 14 8.34975
1 15 8.35242
1 16 8.35529
1 17 8.35837
1 18 8.36165
1 19 8.36515
1 20 8.36885
1 21 8.37275
1 22 8.37686
1 23 8.38118
1 24 8.3857
1 25 8.39043
1 26 8.39536
1 27 8.40049
1 28 8.40583
1 29 8.41137
1 30 8.41712
1 31 8.42306
1 32 8.42921
1 33 8.43556
1 34 8.44212
1 35 8.44887
1 36 8.45582
1 37 8.46297
1 38 8.47033
1 39 8.47788
1 40 8.48562
1 41 8.49357
1 42 8.50171
1 43 8.51005
1 44 8.51859
1 45 8.52732
1 46 8.53625
1 47 8.54537
2 0 8.43693
2 1 8.43669
2 2 8.43665
2 3 8.43681
2 4 8.43718
2 5 8.43776
2 6 8.43855
2 7 8.43954
2 8 8.44073
2 9 8.44213
2 10 8.44374
2 11 8.44555
2 12 8.44757
2 13 8.44979
2 14 8.45222
2 15 8.45485
2 16 8.45769
2 17 8.46073
2 18 8.46398
2 19 8.46743
2 20 8.47109
2 21 8.47494
2 22 8.47901
2 23 8.48327
2 24 8.48774
2 25 8.49241
2 26 8.49728
2 27 8.50235
2 28 8.50763
2 29 8.5131
2 30 8.51878
2 31 8.52465
2 32 8.53073
2 33 8.537
2 34 8.54348
2 35 8.55015
2 36 8.55702
2 37 8.56409
2 38 8.57135
2 39 8.57882
2 40 8.58647
2 41 8.59433
2 42 8.60237
2 43 8.61062
2 44 8.61905
2 45 8.62768
2 46 8.6365
2 47 8.64552
3 0 8.35026
3 1 8.35001
3 2 8.34997
3 3 8.35013
3 4 8.35051
3 5 8.35109
3 6 8.35189
3 7 8.35289
3 8 8.35409
3 9 8.35551
3 10 8.35713
3 11 8.35896
3 12 8.361
3 13 8.36325
3 14 8.3657
3 15 8.36836
3 16 8.37123
3 17 8.3743
3 18 8.37758
3 19 8.38107
3 20 8.38476
3 21 8.38866
3 22 8.39276
3 23 8.39707
3 24 8.40158
3 25 8.4063
3 26 8.41122
3 27 8.41635
3 28 8.42168
3 29 8.42721
3 30 8.43294
3 31 8.43888
3 32 8.44501
3 33 8.45135
3 34 8.45789
3 35 8.46463
3 36 8.47157
3 37 8.47871
3 38 8.48605
3 39 8.49359
3 40 8.50132
3 41 8.50925
3 42 8.51738
3 43 8.5257
3 44 8.53422
3 45 8.54294
3 46 8.55185
3 47 8.56095
4 0 8.64251
4 1 8.64227
4 2 8.64223
4 3 8.64239
4 4 8.64275
4 5 8.64332
4 6 8.64408
4 7 8.64505
4 8 8.64622
4 9 8.64758
4 10 8.64915
4 11 8.65092
4 12 8.65289
4 13 8.65506
4 14 8.65743
4 15 8.66
4 16 8.66277
4 17 8.66574
4 18 8.66891
4 19 8.67228
4 20 8.67585
4 21 8.67962
4 22 8.68358
4 23 8.68775
4 24 8.69211
4 25 8.69667
4 26 8.70143
4 27 8.70638
4 28 8.71153
4 29 8.71688
4 30 8.72242
4 31 8.72816
4 32 8.7341
4 33 8.74023
4 34 8.74655
4 35 8.75307
4 36 8.75978
4 37 8.76668
4 38 8.77378
4 39 8.78107
4 40 8.78855
4 41 8.79622
4 42 8.80409
4 43 8.81214
4 44 8.82038
4 45 8.82882
4 46 8.83744
4 47 8.84625
5 0 9.11255
5 1 9.10421
5 2 9.09606
5 3 9.08809
5 4 9.08031
5 5 9.07271
5 6 9.06529
5 7 9.05807
5 8 9.05103
5 9 9.04417
5 10 9.0375
5 11 9.03102
5 12 9.02473
5 13 9.01863
5 14 9.01271
5 15 9.00699
5 16 9.00145
5 17 8.9961
5 18 8.99095
5 19 8.98598
5 20 8.98121
5 21 8.97662
5 22 8.97223
5 23 8.96803
5 24 8.96402
5 25 8.96021
5 26 8.95658
5 27 8.95315
5 28 8.94991
5 29 8.94687
5 30 8.94401
5 31 8.94136
5 32 8.93889
5 33 8.93662
5 34 8.93454
5 35 8.93266
5 36 8.93097
5 37 8.92948
5 38 8.92818
5 39 8.92708
5 40 8.92617
5 41 8.92545
5 42 8.92493
5 43 8.9246
5 44 8.92447
5 45 8.92454
5 46 8.92479
5 47 8.92525
6 0 9.11588
6 1 9.10755
6 2 9.0994
6 3 9.09144
6 4 9.08365
6 5 9.07606
6 6 9.06865
6 7 9.06142
6 8 9.05438
6 9 9.04753
6 10 9.04087
6 11 9.03439
6 12 9.0281
6 13 9.022
6 14 9.01608
6 15 9.01036
6 16 9.00483
6 17 8.99948
6 18 8.99433
6 19 8.98936
6 20 8.98459
6 21 8.98001
6 22 8.97562
6 23 8.97142
6 24 8.96741
6 25 8.9636
6 26 8.95997
6 27 8.95654
6 28 8.95331
6 29 8.95026
6 30 8.94741
6 31 8.94476
6 32 8.94229
6 33 8.94002
6 34 8.93795
6 35 8.93606
6 36 8.93438
6 37 8.93288
6 38 8.93158
6 39 8.93048
6 40 8.92957
6 41 8.92886
6 42 8.92833
6 43 8.92801
6 44 8.92788
6 45 8.92794
6 46 8.9282
6 47 8.92865
7 0 8.92908
7 1 8.92058
7 2 8.91226
7 3 8.90412
7 4 8.89618
7 5 8.88842
7 6 8.88085
7 7 8.87348
7 8 8.86629
7 9 8.85929
7 10 8.85248
7 11 8.84587
7 12 8.83944
7 13 8.83321
7 14 8.82717
7 15 8.82133
7 16 8.81567
7 17 8.81021
7 18 8.80495
7 19 8.79988
7 20 8.795
7 21 8.79032
7 22 8.78584
7 23 8.78155
7 24 8.77745
7 25 8.77356
7 26 8.76985
7 27 8.76635
7 28 8.76304
7 29 8.75993
7 30 8.75702
7 31 8.7543
7 32 8.75179
7 33 8.74947
7 34 8.74735
7 35 8.74542
7 36 8.7437
7 37 8.74217
7 38 8.74085
7 39 8.73972
7 40 8.73879
7 41 8.73806
7 42 8.73753
7 43 8.73719
7 44 8.73706
7 45 8.73712
7 46 8.73739
7 47 8.73785
8 0 9.11229
8 1 9.10395
8 2 9.0958
8 3 9.08783
8 4 9.08005
8 5 9.07245
8 6 9.06503
8 7 9.05781
8 8 9.05076
8 9 9.04391
8 10 9.03724
8 11 9.03076
8 12 9.02447
8 13 9.01837
8 14 9.01245
8 15 9.00672
8 16 9.00119
8 17 8.99584
8 18 8.99068
8 19 8.98572
8 20 8.98094
8 21 8.97636
8 22 8.97197
8 23 8.96777
8 24 8.96376
8 25 8.95994
8 26 8.95632
8 27 8.95289
8 28 8.94965
8 29 8.9466
8 30 8.94375
8 31 8.94109
8 32 8.93863
8 33 8.93636
8 34 8.93428
8 35 8.9324
8 36 8.93071
8 37 8.92922
8 38 8.92792
8 39 8.92681
8 40 8.9259
8 41 8.92519
8 42 8.92466
8 43 8.92434
8 44 8.92421
8 45 8.92427
8 46 8.92453
8 47 8.92498
9 0 9.10536
9 1 9.09701
9 2 9.08885
9 3 9.08088
9 4 9.07309
9 5 9.06548
9 6 9.05806
9 7 9.05083
9 8 9.04378
9 9 9.03692
9 10 9.03025
9 11 9.02376
9 12 9.01747
9 13 9.01136
9 14 9.00544
9 15 8.99971
9 16 8.99417
9 17 8.98882
9 18 8.98366
9 19 8.97869
9 20 8.97391
9 21 8.96932
9 22 8.96493
9 23 8.96072
9 24 8.95671
9 25 8.95289
9 26 8.94926
9 27 8.94583
9 28 8.94259
9 29 8.93954
9 30 8.93669
9 31 8.93403
9 32 8.93156
9 33 8.92929
9 34 8.92721
9 35 8.92532
9 36 8.92363
9 37 8.92214
9 38 8.92084
9 39 8.91973
9 40 8.91882
9 41 8.91811
9 42 8.91758
9 43 8.91726
9 44 8.91713
9 45 8.91719
9 46 8.91745
9 47 8.9179
10 0 8.96599
10 1 8.96608
10 2 8.96636
10 3 8.96683
10 4 8.9675
10 5 8.96836
10 6 8.96941
10 7 8.97066
10 8 8.97211
10 9 8.97374
10 10 8.97557
10 11 8.97759
10 12 8.97981
10 13 8.98222
10 14 8.98482
10 15 8.98761
10 16 8.9906
10 17 8.99378
10 18 8.99715
10 19 9.00071
10 20 9.00447
10 21 9.00842
10 22 9.01255
10 23 9.01688
10 24 9.0214
10 25 9.02611
10 26 9.03101
10 27 9.0361
10 28 9.04138
10 29 9.04684
10 30 9.0525
10 31 9.05834
10 32 9.06438
10 33 9.0706
10 34 9.07701
10 35 9.0836
10 36 9.09038
10 37 9.09735
10 38 9.1045
10 39 9.11184
10 40 9.11936
10 41 9.12707
10 42 9.13496
10 43 9.14303
10 44 9.15129
10 45 9.15973
10 46 9.16835
10 47 9.17715
11 0 8.69393
11 1 8.69402
11 2 8.69431
11 3 8.6948
11 4 8.69548
11 5 8.69637
11 6 8.69746
11 7 8.69875
11 8 8.70024
11 9 8.70192
11 10 8.70381
11 11 8.7059
11 12 8.70818
11 13 8.71066
11 14 8.71335
11 15 8.71623
11 16 8.71931
11 17 8.72259
11 18 8.72606
11 19 8.72974
11 20 8.73361
11 21 8.73768
11 22 8.74194
11 23 8.7464
11 24 8.75106
11 25 8.75592
11 26 8.76097
11 27 8.76621
11 28 8.77165
11 29 8.77729
11 30 8.78312
11 31 8.78914
11 32 8.79536
11 33 8.80177
11 34 8.80837
11 35 8.81517
11 36 8.82216
11 37 8.82934
11 38 8.83671
11 39 8.84427
11 40 8.85202
11 41 8.85996
11 42 8.86808
11 43 8.8764
11 44 8.88491
11 45 8.8936
11 46 8.90248
11 47 8.91154
12 0 8.79821
12 1 8.7983
12 2 8.79859
12 3 8.79907
12 4 8.79975
12 5 8.80063
12 6 8.8017
12 7 8.80297
12 8 8.80444
12 9 8.80611
12 10 8.80798
12 11 8.81004
12 12 8.8123
12 13 8.81475
12 14 8.8174
12 15 8.82025
12 16 8.82329
12 17 8.82653
12 18 8.82997
12 19 8.8336
12 20 8.83742
12 21 8.84144
12 22 8.84566
12 23 8.85007
12 24 8.85467
12 25 8.85947
12 26 8.86446
12 27 8.86965
12 28 8.87502
12 29 8.88059
12 30 8.88636
12 31 8.89231
12 32 8.89846
12 33 8.90479
12 34 8.91132
12 35 8.91804
12 36 8.92494
12 37 8.93204
12 38 8.93932
12 39 8.9468
12 40 8.95446
12 41 8.96231
12 42 8.97034
12 43 8.97857
12 44 8.98697
12 45 8.99557
12 46 9.00434
12 47 9.01331
13 0 8.7091
13 1 8.70919
13 2 8.70948
13 3 8.70997
13 4 8.71065
13 5 8.71154
13 6 8.71263
13 7 8.71391
13 8 8.7154
13 9 8.71708
13 10 8.71897
13 11 8.72105
13 12 8.72333
13 13 8.72581
13 14 8.72849
13 15 8.73136
13 16 8.73444
13 17 8.73771
13 18 8.74118
13 19 8.74485
13 20 8.74871
13 21 8.75277
13 22 8.75703
13 23 8.76149
13 24 8.76614
13 25 8.77098
13 26 8.77602
13 27 8.78126
13 28 8.78669
13 29 8.79232
13 30 8.79814
13 31 8.80415
13 32 8.81036
13 33 8.81676
13 34 8.82335
13 35 8.83013
13 36 8.83711
13 37 8.84428
13 38 8.85163
13 39 8.85918
13 40 8.86692
13 41 8.87484
13 42 8.88296
13 43 8.89126
13 44 8.89975
13 45 8.90843
13 46 8.91729
13 47 8.92634
14 0 8.99539
14 1 8.99548
14 2 8.99576
14 3 8.99623
14 4 8.9969
14 5 8.99775
14 6 8.99881
14 7 9.00005
14 8 9.00149
14 9 9.00312
14 10 9.00494
14 11 9.00696
14 12 9.00917
14 13 9.01157
14 14 9.01416
14 15 9.01695
14 16 9.01992
14 17 9.02309
14 18 9.02645
14 19 9.03
14 20 9.03375
14 21 9.03768
14 22 9.0418
14 23 9.04612
14 24 9.05062
14 25 9.05532
14 26 9.0602
14 27 9.06527
14 28 9.07053
14 29 9.07598
14 30 9.08162
14 31 9.08745
14 32 9.09346
14 33 9.09966
14 34 9.10605
14 35 9.11262
14 36 9.11938
14 37 9.12633
14 38 9.13346
14 39 9.14077
14 40 9.14827
14 41 9.15595
14 42 9.16382
14 43 9.17187
14 44 9.1801
14 45 9.18851
14 46 9.19711
14 47 9.20588
15 0 8.56309
15 1 8.55488
15 2 8.54686
15 3 8.53904
15 4 8.53142
15 5 8.52399
15 6 8.51676
15 7 8.50973
15 8 8.5029
15 9 8.49627
15 10 8.48983
15 11 8.4836
15 12 8.47757
15 13 8.47174
15 14 8.46611
15 15 8.46068
15 16 8.45545
15 17 8.45043
15 18 8.44561
15 19 8.44099
15 20 8.43657
15 21 8.43236
15 22 8.42836
15 23 8.42456
15 24 8.42096
15 25 8.41757
15 26 8.41438
15 27 8.4114
15 28 8.40862
15 29 8.40605
15 30 8.40369
15 31 8.40153
15 32 8.39958
15 33 8.39784
15 34 8.3963
15 35 8.39497
15 36 8.39384
15 37 8.39293
15 38 8.39222
15 39 8.39171
15 40 8.39142
15 41 8.39133
15 42 8.39145
15 43 8.39177
15 44 8.39231
15 45 8.39305
15 46 8.39399
15 47 8.39515
16 0 8.56605
16 1 8.55784
16 2 8.54983
16 3 8.54201
16 4 8.53439
16 5 8.52697
16 6 8.51974
16 7 8.51271
16 8 8.50588
16 9 8.49925
16 10 8.49282
16 11 8.48659
16 12 8.48056
16 13 8.47473
16 14 8.4691
16 15 8.46367
16 16 8.45845
16 17 8.45343
16 18 8.44861
16 19 8.44399
16 20 8.43958
16 21 8.43537
16 22 8.43137
16 23 8.42756
16 24 8.42397
16 25 8.42058
16 26 8.41739
16 27 8.41441
16 28 8.41164
16 29 8.40907
16 30 8.40671
16 31 8.40455
16 32 8.4026
16 33 8.40086
16 34 8.39932
16 35 8.39799
16 36 8.39686
16 37 8.39595
16 38 8.39524
16 39 8.39473
16 40 8.39444
16 41 8.39435
16 42 8.39447
16 43 8.3948
16 44 8.39533
16 45 8.39607
16 46 8.39701
16 47 8.39817
17 0 8.38447
17 1 8.37609
17 2 8.3679
17 3 8.35991
17 4 8.35212
17 5 8.34454
17 6 8.33715
17 7 8.32997
17 8 8.32299
17 9 8.31622
17 10 8.30964
17 11 8.30328
17 12 8.29711
17 13 8.29115
17 14 8.2854
17 15 8.27985
17 16 8.27451
17 17 8.26938
17 18 8.26445
17 19 8.25973
17 20 8.25522
17 21 8.25092
17 22 8.24682
17 23 8.24294
17 24 8.23926
17 25 8.2358
17 26 8.23254
17 27 8.22949
17 28 8.22665
17 29 8.22403
17 30 8.22161
17 31 8.21941
17 32 8.21741
17 33 8.21563
17 34 8.21406
17 35 8.2127
17 36 8.21155
17 37 8.21061
17 38 8.20988
17 39 8.20937
17 40 8.20907
17 41 8.20898
17 42 8.2091
17 43 8.20943
17 44 8.20998
17 45 8.21073
17 46 8.2117
17 47 8.21288
18 0 8.57873
18 1 8.57053
18 2 8.56253
18 3 8.55473
18 4 8.54712
18 5 8.5397
18 6 8.53249
18 7 8.52547
18 8 8.51865
18 9 8.51203
18 10 8.50561
18 11 8.49939
18 12 8.49337
18 13 8.48755
18 14 8.48193
18 15 8.47651
18 16 8.47129
18 17 8.46628
18 18 8.46146
18 19 8.45686
18 20 8.45245
18 21 8.44825
18 22 8.44425
18 23 8.44045
18 24 8.43686
18 25 8.43348
18 26 8.4303
18 27 8.42732
18 28 8.42455
18 29 8.42199
18 30 8.41963
18 31 8.41747
18 32 8.41553
18 33 8.41378
18 34 8.41225
18 35 8.41092
18 36 8.4098
18 37 8.40888
18 38 8.40818
18 39 8.40767
18 40 8.40738
18 41 8.40729
18 42 8.40741
18 43 8.40773
18 44 8.40827
18 45 8.409
18 46 8.40995
18 47 8.4111
19 0 8.58844
19 1 8.58025
19 2 8.57226
19 3 8.56446
19 4 8.55686
19 5 8.54946
19 6 8.54225
19 7 8.53524
19 8 8.52843
19 9 8.52182
19 10 8.5154
19 11 8.50919
19 12 8.50317
19 13 8.49736
19 14 8.49175
19 15 8.48633
19 16 8.48112
19 17 8.47611
19 18 8.47131
19 19 8.4667
19 20 8.4623
19 21 8.45811
19 22 8.45411
19 23 8.45032
19 24 8.44674
19 25 8.44335
19 26 8.44018
19 27 8.4372
19 28 8.43444
19 29 8.43188
19 30 8.42952
19 31 8.42737
19 32 8.42542
19 33 8.42368
19 34 8.42215
19 35 8.42082
19 36 8.4197
19 37 8.41879
19 38 8.41808
19 39 8.41758
19 40 8.41729
19 41 8.4172
19 42 8.41732
19 43 8.41764
19 44 8.41817
19 45 8.41891
19 46 8.41985
19 47 8.421
