Final TimeShift. ns
-248
Plane  Strip  TimeShift. ns
0 0 8.589244
0 1 8.589067
0 2 8.589092
0 3 8.58932
0 4 8.58975
0 5 8.590382
0 6 8.591217
0 7 8.592254
0 8 8.593493
0 9 8.594934
0 10 8.596578
0 11 8.598423
0 12 8.60047
0 13 8.602718
0 14 8.605168
0 15 8.607819
0 16 8.610671
0 17 8.613725
0 18 8.616978
0 19 8.620433
0 20 8.624087
0 21 8.627942
0 22 8.631996
0 23 8.636249
0 24 8.640702
0 25 8.645353
0 26 8.650203
0 27 8.655251
0 28 8.660497
0 29 8.665941
0 30 8.671581
0 31 8.677418
0 32 8.683451
0 33 8.689681
0 34 8.696105
0 35 8.702725
0 36 8.709539
0 37 8.716548
0 38 8.72375
0 39 8.731145
0 40 8.738733
0 41 8.746513
0 42 8.754485
0 43 8.762648
0 44 8.771001
0 45 8.779545
0 46 8.788278
0 47 8.7972
1 0 8.311579
1 1 8.311396
1 2 8.311422
1 3 8.311657
1 4 8.312102
1 5 8.312755
1 6 8.313618
1 7 8.314689
1 8 8.31597
1 9 8.317459
1 10 8.319157
1 11 8.321064
1 12 8.323179
1 13 8.325502
1 14 8.328034
1 15 8.330773
1 16 8.33372
1 17 8.336875
1 18 8.340237
1 19 8.343806
1 20 8.347581
1 21 8.351563
1 22 8.355751
1 23 8.360146
1 24 8.364745
1 25 8.36955
1 26 8.37456
1 27 8.379774
1 28 8.385192
1 29 8.390814
1 30 8.396639
1 31 8.402667
1 32 8.408898
1 33 8.41533
1 34 8.421964
1 35 8.428799
1 36 8.435835
1 37 8.44307
1 38 8.450505
1 39 8.45814
1 40 8.465972
1 41 8.474003
1 42 8.482231
1 43 8.490655
1 44 8.499276
1 45 8.508093
1 46 8.517104
1 47 8.52631
2 0 8.414145
2 1 8.413964
2 2 8.413989
2 3 8.414222
2 4 8.414661
2 5 8.415306
2 6 8.416158
2 7 8.417217
2 8 8.418482
2 9 8.419953
2 10 8.42163
2 11 8.423514
2 12 8.425603
2 13 8.427898
2 14 8.430399
2 15 8.433105
2 16 8.436016
2 17 8.439133
2 18 8.442454
2 19 8.44598
2 20 8.44971
2 21 8.453644
2 22 8.457781
2 23 8.462122
2 24 8.466667
2 25 8.471414
2 26 8.476363
2 27 8.481514
2 28 8.486868
2 29 8.492422
2 30 8.498178
2 31 8.504134
2 32 8.51029
2 33 8.516646
2 34 8.523201
2 35 8.529955
2 36 8.536907
2 37 8.544057
2 38 8.551405
2 39 8.558949
2 40 8.566689
2 41 8.574626
2 42 8.582757
2 43 8.591083
2 44 8.599603
2 45 8.608317
2 46 8.617224
2 47 8.626323
3 0 8.327638
3 1 8.327455
3 2 8.327481
3 3 8.327716
3 4 8.328159
3 5 8.328811
3 6 8.329672
3 7 8.330742
3 8 8.33202
3 9 8.333506
3 10 8.335201
3 11 8.337104
3 12 8.339215
3 13 8.341534
3 14 8.344061
3 15 8.346795
3 16 8.349736
3 17 8.352885
3 18 8.35624
3 19 8.359802
3 20 8.363571
3 21 8.367545
3 22 8.371725
3 23 8.376111
3 24 8.380702
3 25 8.385497
3 26 8.390498
3 27 8.395702
3 28 8.40111
3 29 8.406721
3 30 8.412535
3 31 8.418552
3 32 8.424771
3 33 8.431191
3 34 8.437812
3 35 8.444635
3 36 8.451657
3 37 8.458879
3 38 8.4663
3 39 8.47392
3 40 8.481738
3 41 8.489754
3 42 8.497967
3 43 8.506376
3 44 8.514981
3 45 8.523781
3 46 8.532776
3 47 8.541965
4 0 8.620297
4 1 8.62012
4 2 8.620145
4 3 8.620372
4 4 8.620801
4 5 8.621431
4 6 8.622262
4 7 8.623296
4 8 8.62453
4 9 8.625966
4 10 8.627604
4 11 8.629442
4 12 8.631482
4 13 8.633722
4 14 8.636163
4 15 8.638805
4 16 8.641647
4 17 8.644689
4 18 8.647931
4 19 8.651373
4 20 8.655015
4 21 8.658855
4 22 8.662895
4 23 8.667133
4 24 8.67157
4 25 8.676205
4 26 8.681038
4 27 8.686068
4 28 8.691295
4 29 8.696719
4 30 8.70234
4 31 8.708156
4 32 8.714168
4 33 8.720375
4 34 8.726778
4 35 8.733374
4 36 8.740164
4 37 8.747148
4 38 8.754325
4 39 8.761695
4 40 8.769256
4 41 8.777009
4 42 8.784953
4 43 8.793088
4 44 8.801413
4 45 8.809927
4 46 8.81863
4 47 8.827521
5 0 9.088016
5 1 9.079719
5 2 9.071606
5 3 9.063678
5 4 9.055934
5 5 9.048376
5 6 9.041004
5 7 9.033819
5 8 9.02682
5 9 9.020009
5 10 9.013385
5 11 9.006949
5 12 9.000703
5 13 8.994645
5 14 8.988776
5 15 8.983097
5 16 8.977608
5 17 8.97231
5 18 8.967202
5 19 8.962285
5 20 8.95756
5 21 8.953026
5 22 8.948685
5 23 8.944535
5 24 8.940579
5 25 8.936814
5 26 8.933243
5 27 8.929866
5 28 8.926681
5 29 8.923691
5 30 8.920894
5 31 8.918292
5 32 8.915883
5 33 8.913669
5 34 8.91165
5 35 8.909825
5 36 8.908195
5 37 8.90676
5 38 8.90552
5 39 8.904475
5 40 8.903625
5 41 8.90297
5 42 8.90251
5 43 8.902246
5 44 8.902177
5 45 8.902304
5 46 8.902625
5 47 8.903142
6 0 9.091034
6 1 9.08274
6 2 9.07463
6 3 9.066704
6 4 9.058963
6 5 9.051407
6 6 9.044038
6 7 9.036855
6 8 9.029858
6 9 9.023049
6 10 9.016428
6 11 9.009995
6 12 9.00375
6 13 8.997694
6 14 8.991827
6 15 8.98615
6 16 8.980663
6 17 8.975367
6 18 8.970261
6 19 8.965346
6 20 8.960622
6 21 8.95609
6 22 8.95175
6 23 8.947602
6 24 8.943646
6 25 8.939884
6 26 8.936314
6 27 8.932937
6 28 8.929754
6 29 8.926765
6 30 8.923969
6 31 8.921367
6 32 8.91896
6 33 8.916746
6 34 8.914728
6 35 8.912903
6 36 8.911274
6 37 8.909839
6 38 8.9086
6 39 8.907555
6 40 8.906705
6 41 8.906051
6 42 8.905591
6 43 8.905327
6 44 8.905258
6 45 8.905385
6 46 8.905706
6 47 8.906223
7 0 8.904111
7 1 8.895643
7 2 8.887361
7 3 8.879268
7 4 8.871364
7 5 8.863649
7 6 8.856123
7 7 8.848787
7 8 8.841642
7 9 8.834688
7 10 8.827925
7 11 8.821354
7 12 8.814976
7 13 8.80879
7 14 8.802798
7 15 8.796999
7 16 8.791394
7 17 8.785983
7 18 8.780767
7 19 8.775746
7 20 8.77092
7 21 8.76629
7 22 8.761856
7 23 8.757618
7 24 8.753576
7 25 8.749732
7 26 8.746085
7 27 8.742635
7 28 8.739382
7 29 8.736327
7 30 8.733471
7 31 8.730812
7 32 8.728352
7 33 8.72609
7 34 8.724028
7 35 8.722163
7 36 8.720498
7 37 8.719032
7 38 8.717765
7 39 8.716698
7 40 8.71583
7 41 8.715161
7 42 8.714691
7 43 8.714422
7 44 8.714351
7 45 8.71448
7 46 8.714809
7 47 8.715337
8 0 9.087494
8 1 9.079197
8 2 9.071083
8 3 9.063154
8 4 9.05541
8 5 9.047852
8 6 9.040479
8 7 9.033293
8 8 9.026294
8 9 9.019482
8 10 9.012858
8 11 9.006423
8 12 9.000175
8 13 8.994117
8 14 8.988248
8 15 8.982569
8 16 8.977079
8 17 8.971781
8 18 8.966673
8 19 8.961756
8 20 8.95703
8 21 8.952496
8 22 8.948154
8 23 8.944005
8 24 8.940048
8 25 8.936284
8 26 8.932712
8 27 8.929334
8 28 8.92615
8 29 8.923159
8 30 8.920362
8 31 8.91776
8 32 8.915351
8 33 8.913137
8 34 8.911117
8 35 8.909292
8 36 8.907662
8 37 8.906227
8 38 8.904987
8 39 8.903942
8 40 8.903092
8 41 8.902437
8 42 8.901977
8 43 8.901713
8 44 8.901644
8 45 8.901771
8 46 8.902092
8 47 8.902609
9 0 9.080932
9 1 9.072628
9 2 9.064509
9 3 9.056574
9 4 9.048825
9 5 9.041261
9 6 9.033883
9 7 9.026692
9 8 9.019688
9 9 9.012871
9 10 9.006242
9 11 8.999801
9 12 8.99355
9 13 8.987487
9 14 8.981613
9 15 8.97593
9 16 8.970437
9 17 8.965134
9 18 8.960022
9 19 8.955101
9 20 8.950372
9 21 8.945835
9 22 8.94149
9 23 8.937337
9 24 8.933377
9 25 8.92961
9 26 8.926036
9 27 8.922656
9 28 8.919469
9 29 8.916476
9 30 8.913677
9 31 8.911072
9 32 8.908662
9 33 8.906446
9 34 8.904425
9 35 8.902599
9 36 8.900968
9 37 8.899531
9 38 8.89829
9 39 8.897244
9 40 8.896394
9 41 8.895738
9 42 8.895278
9 43 8.895014
9 44 8.894945
9 45 8.895071
9 46 8.895393
9 47 8.895911
10 0 8.943857
10 1 8.94388
10 2 8.944097
10 3 8.944509
10 4 8.945115
10 5 8.945915
10 6 8.946909
10 7 8.948098
10 8 8.949481
10 9 8.951057
10 10 8.952828
10 11 8.954792
10 12 8.95695
10 13 8.959302
10 14 8.961847
10 15 8.964585
10 16 8.967516
10 17 8.97064
10 18 8.973957
10 19 8.977466
10 20 8.981168
10 21 8.985061
10 22 8.989146
10 23 8.993422
10 24 8.99789
10 25 9.002549
10 26 9.007398
10 27 9.012437
10 28 9.017667
10 29 9.023086
10 30 9.028694
10 31 9.034492
10 32 9.040477
10 33 9.046652
10 34 9.053014
10 35 9.059563
10 36 9.066299
10 37 9.073222
10 38 9.080332
10 39 9.087627
10 40 9.095107
10 41 9.102772
10 42 9.110621
10 43 9.118655
10 44 9.126872
10 45 9.135271
10 46 9.143854
10 47 9.152618
11 0 8.671478
11 1 8.671501
11 2 8.671725
11 3 8.67215
11 4 8.672775
11 5 8.6736
11 6 8.674626
11 7 8.675851
11 8 8.677278
11 9 8.678904
11 10 8.68073
11 11 8.682756
11 12 8.684981
11 13 8.687407
11 14 8.690031
11 15 8.692855
11 16 8.695878
11 17 8.699099
11 18 8.70252
11 19 8.706138
11 20 8.709955
11 21 8.713969
11 22 8.718181
11 23 8.722591
11 24 8.727197
11 25 8.732
11 26 8.736999
11 27 8.742195
11 28 8.747586
11 29 8.753172
11 30 8.758953
11 31 8.764929
11 32 8.771099
11 33 8.777462
11 34 8.784019
11 35 8.790769
11 36 8.797711
11 37 8.804846
11 38 8.812171
11 39 8.819688
11 40 8.827396
11 41 8.835293
11 42 8.84338
11 43 8.851656
11 44 8.86012
11 45 8.868772
11 46 8.877612
11 47 8.886639
12 0 8.775662
12 1 8.775685
12 2 8.775907
12 3 8.776326
12 4 8.776944
12 5 8.777759
12 6 8.778773
12 7 8.779984
12 8 8.781393
12 9 8.783
12 10 8.784804
12 11 8.786806
12 12 8.789006
12 13 8.791402
12 14 8.793996
12 15 8.796786
12 16 8.799773
12 17 8.802957
12 18 8.806337
12 19 8.809913
12 20 8.813684
12 21 8.817652
12 22 8.821814
12 23 8.826172
12 24 8.830724
12 25 8.835471
12 26 8.840412
12 27 8.845546
12 28 8.850874
12 29 8.856395
12 30 8.862109
12 31 8.868016
12 32 8.874114
12 33 8.880404
12 34 8.886885
12 35 8.893556
12 36 8.900418
12 37 8.90747
12 38 8.914712
12 39 8.922142
12 40 8.929761
12 41 8.937568
12 42 8.945562
12 43 8.953744
12 44 8.962112
12 45 8.970666
12 46 8.979405
12 47 8.98833
13 0 8.686695
13 1 8.686719
13 2 8.686943
13 3 8.687366
13 4 8.68799
13 5 8.688814
13 6 8.689838
13 7 8.691061
13 8 8.692485
13 9 8.694108
13 10 8.695931
13 11 8.697954
13 12 8.700175
13 13 8.702596
13 14 8.705216
13 15 8.708035
13 16 8.711053
13 17 8.714269
13 18 8.717683
13 19 8.721295
13 20 8.725105
13 21 8.729113
13 22 8.733318
13 23 8.737719
13 24 8.742318
13 25 8.747112
13 26 8.752103
13 27 8.757289
13 28 8.762671
13 29 8.768248
13 30 8.774019
13 31 8.779985
13 32 8.786144
13 33 8.792497
13 34 8.799042
13 35 8.805781
13 36 8.812711
13 37 8.819833
13 38 8.827146
13 39 8.834651
13 40 8.842345
13 41 8.850229
13 42 8.858302
13 43 8.866564
13 44 8.875014
13 45 8.883652
13 46 8.892477
13 47 8.901489
14 0 8.973343
14 1 8.973366
14 2 8.973582
14 3 8.973992
14 4 8.974596
14 5 8.975394
14 6 8.976385
14 7 8.97757
14 8 8.978948
14 9 8.980519
14 10 8.982284
14 11 8.984242
14 12 8.986393
14 13 8.988737
14 14 8.991274
14 15 8.994003
14 16 8.996924
14 17 9.000038
14 18 9.003344
14 19 9.006842
14 20 9.010531
14 21 9.014412
14 22 9.018483
14 23 9.022746
14 24 9.027199
14 25 9.031843
14 26 9.036676
14 27 9.041699
14 28 9.046912
14 29 9.052313
14 30 9.057904
14 31 9.063682
14 32 9.069649
14 33 9.075803
14 34 9.082145
14 35 9.088673
14 36 9.095388
14 37 9.102289
14 38 9.109376
14 39 9.116647
14 40 9.124104
14 41 9.131744
14 42 9.139569
14 43 9.147577
14 44 9.155768
14 45 9.164141
14 46 9.172696
14 47 9.181433
15 0 8.544308
15 1 8.536011
15 2 8.52791
15 3 8.520005
15 4 8.512297
15 5 8.504787
15 6 8.497474
15 7 8.49036
15 8 8.483445
15 9 8.476729
15 10 8.470213
15 11 8.463898
15 12 8.457783
15 13 8.45187
15 14 8.446159
15 15 8.440649
15 16 8.435342
15 17 8.430238
15 18 8.425337
15 19 8.42064
15 20 8.416147
15 21 8.411858
15 22 8.407774
15 23 8.403894
15 24 8.40022
15 25 8.396751
15 26 8.393488
15 27 8.390431
15 28 8.38758
15 29 8.384935
15 30 8.382497
15 31 8.380265
15 32 8.378241
15 33 8.376423
15 34 8.374813
15 35 8.37341
15 36 8.372215
15 37 8.371227
15 38 8.370446
15 39 8.369874
15 40 8.369509
15 41 8.369351
15 42 8.369402
15 43 8.36966
15 44 8.370125
15 45 8.370799
15 46 8.37168
15 47 8.372768
16 0 8.546903
16 1 8.538608
16 2 8.53051
16 3 8.522607
16 4 8.514902
16 5 8.507393
16 6 8.500083
16 7 8.492971
16 8 8.486058
16 9 8.479344
16 10 8.472831
16 11 8.466517
16 12 8.460405
16 13 8.454493
16 14 8.448784
16 15 8.443276
16 16 8.437971
16 17 8.432868
16 18 8.427969
16 19 8.423273
16 20 8.418781
16 21 8.414494
16 22 8.410411
16 23 8.406532
16 24 8.402859
16 25 8.399391
16 26 8.396129
16 27 8.393073
16 28 8.390223
16 29 8.387579
16 30 8.385141
16 31 8.382911
16 32 8.380887
16 33 8.37907
16 34 8.37746
16 35 8.376058
16 36 8.374863
16 37 8.373875
16 38 8.373095
16 39 8.372522
16 40 8.372157
16 41 8.372
16 42 8.37205
16 43 8.372308
16 44 8.372774
16 45 8.373447
16 46 8.374328
16 47 8.375416
17 0 8.365302
17 1 8.356827
17 2 8.348552
17 3 8.340477
17 4 8.332603
17 5 8.32493
17 6 8.31746
17 7 8.310191
17 8 8.303126
17 9 8.296265
17 10 8.289607
17 11 8.283154
17 12 8.276906
17 13 8.270863
17 14 8.265027
17 15 8.259396
17 16 8.253973
17 17 8.248757
17 18 8.243748
17 19 8.238947
17 20 8.234355
17 21 8.229971
17 22 8.225796
17 23 8.221831
17 24 8.218075
17 25 8.21453
17 26 8.211194
17 27 8.208069
17 28 8.205154
17 29 8.202451
17 30 8.199959
17 31 8.197677
17 32 8.195608
17 33 8.19375
17 34 8.192104
17 35 8.19067
17 36 8.189447
17 37 8.188437
17 38 8.18764
17 39 8.187054
17 40 8.186681
17 41 8.18652
17 42 8.186571
17 43 8.186835
17 44 8.187311
17 45 8.188
17 46 8.188901
17 47 8.190014
18 0 8.559621
18 1 8.551338
18 2 8.543252
18 3 8.535361
18 4 8.527667
18 5 8.52017
18 6 8.512871
18 7 8.50577
18 8 8.498867
18 9 8.492163
18 10 8.48566
18 11 8.479356
18 12 8.473252
18 13 8.46735
18 14 8.461649
18 15 8.456149
18 16 8.450852
18 17 8.445758
18 18 8.440866
18 19 8.436177
18 20 8.431692
18 21 8.427411
18 22 8.423334
18 23 8.419462
18 24 8.415795
18 25 8.412332
18 26 8.409075
18 27 8.406023
18 28 8.403178
18 29 8.400538
18 30 8.398104
18 31 8.395877
18 32 8.393856
18 33 8.392042
18 34 8.390435
18 35 8.389035
18 36 8.387841
18 37 8.386855
18 38 8.386076
18 39 8.385505
18 40 8.38514
18 41 8.384983
18 42 8.385033
18 43 8.385291
18 44 8.385756
18 45 8.386428
18 46 8.387308
18 47 8.388394
19 0 8.569732
19 1 8.56146
19 2 8.553383
19 3 8.545502
19 4 8.537817
19 5 8.530329
19 6 8.523038
19 7 8.515945
19 8 8.509051
19 9 8.502356
19 10 8.495859
19 11 8.489563
19 12 8.483467
19 13 8.477572
19 14 8.471878
19 15 8.466385
19 16 8.461094
19 17 8.456006
19 18 8.45112
19 19 8.446437
19 20 8.441957
19 21 8.437682
19 22 8.43361
19 23 8.429742
19 24 8.426079
19 25 8.422621
19 26 8.419368
19 27 8.41632
19 28 8.413478
19 29 8.410841
19 30 8.40841
19 31 8.406186
19 32 8.404168
19 33 8.402356
19 34 8.40075
19 35 8.399352
19 36 8.39816
19 37 8.397175
19 38 8.396397
19 39 8.395826
19 40 8.395462
19 41 8.395305
19 42 8.395356
19 43 8.395613
19 44 8.396077
19 45 8.396749
19 46 8.397627
19 47 8.398712
  
  
  
  
  
  
  
  
  
  
  
  
  
  
  
  
  
  
  
  
  
  
  
  
  
  
  
  
  
  
  
  
  
  
  
  
  
  
  
  
