Final TimeShift. ns
-248
Plane  Strip  TimeShift. ns
0 0 8.572902
0 1 8.572584
0 2 8.57247
0 3 8.572558
0 4 8.572849
0 5 8.573343
0 6 8.57404
0 7 8.574939
0 8 8.576041
0 9 8.577346
0 10 8.578853
0 11 8.580562
0 12 8.582474
0 13 8.584588
0 14 8.586903
0 15 8.589421
0 16 8.59214
0 17 8.59506
0 18 8.598182
0 19 8.601504
0 20 8.605027
0 21 8.608751
0 22 8.612675
0 23 8.6168
0 24 8.621123
0 25 8.625646
0 26 8.630369
0 27 8.63529
0 28 8.640409
0 29 8.645726
0 30 8.651242
0 31 8.656954
0 32 8.662863
0 33 8.668969
0 34 8.675271
0 35 8.681769
0 36 8.688462
0 37 8.69535
0 38 8.702432
0 39 8.709707
0 40 8.717177
0 41 8.724839
0 42 8.732693
0 43 8.740739
0 44 8.748977
0 45 8.757405
0 46 8.766024
0 47 8.774832
1 0 8.294967
1 1 8.294639
1 2 8.294521
1 3 8.294613
1 4 8.294913
1 5 8.295424
1 6 8.296144
1 7 8.297073
1 8 8.298212
1 9 8.299561
1 10 8.301118
1 11 8.302885
1 12 8.30486
1 13 8.307044
1 14 8.309437
1 15 8.312039
1 16 8.314848
1 17 8.317866
1 18 8.321092
1 19 8.324525
1 20 8.328165
1 21 8.332013
1 22 8.336067
1 23 8.340328
1 24 8.344795
1 25 8.349468
1 26 8.354347
1 27 8.35943
1 28 8.364718
1 29 8.370211
1 30 8.375907
1 31 8.381807
1 32 8.387911
1 33 8.394217
1 34 8.400725
1 35 8.407434
1 36 8.414346
1 37 8.421457
1 38 8.42877
1 39 8.436281
1 40 8.443993
1 41 8.451902
1 42 8.46001
1 43 8.468316
1 44 8.476818
1 45 8.485517
1 46 8.494411
1 47 8.503501
2 0 8.397431
2 1 8.397107
2 2 8.39699
2 3 8.39708
2 4 8.397378
2 5 8.397882
2 6 8.398593
2 7 8.399511
2 8 8.400636
2 9 8.401968
2 10 8.403506
2 11 8.405251
2 12 8.407203
2 13 8.409361
2 14 8.411724
2 15 8.414294
2 16 8.41707
2 17 8.420051
2 18 8.423237
2 19 8.426629
2 20 8.430225
2 21 8.434026
2 22 8.438032
2 23 8.442241
2 24 8.446654
2 25 8.451271
2 26 8.45609
2 27 8.461113
2 28 8.466338
2 29 8.471764
2 30 8.477393
2 31 8.483222
2 32 8.489252
2 33 8.495483
2 34 8.501914
2 35 8.508544
2 36 8.515373
2 37 8.5224
2 38 8.529626
2 39 8.537049
2 40 8.544669
2 41 8.552486
2 42 8.560498
2 43 8.568706
2 44 8.577109
2 45 8.585706
2 46 8.594497
2 47 8.603481
3 0 8.311027
3 1 8.3107
3 2 8.310582
3 3 8.310673
3 4 8.310973
3 5 8.311483
3 6 8.312202
3 7 8.313129
3 8 8.314266
3 9 8.315612
3 10 8.317166
3 11 8.318929
3 12 8.320901
3 13 8.323081
3 14 8.325469
3 15 8.328066
3 16 8.33087
3 17 8.333882
3 18 8.337101
3 19 8.340528
3 20 8.344161
3 21 8.348002
3 22 8.352048
3 23 8.356301
3 24 8.360759
3 25 8.365423
3 26 8.370292
3 27 8.375366
3 28 8.380644
3 29 8.386127
3 30 8.391812
3 31 8.397701
3 32 8.403793
3 33 8.410087
3 34 8.416583
3 35 8.42328
3 36 8.430178
3 37 8.437277
3 38 8.444575
3 39 8.452073
3 40 8.45977
3 41 8.467665
3 42 8.475757
3 43 8.484047
3 44 8.492534
3 45 8.501217
3 46 8.510095
3 47 8.519167
4 0 8.603954
4 1 8.603638
4 2 8.603524
4 3 8.603612
4 4 8.603902
4 5 8.604394
4 6 8.605088
4 7 8.605984
4 8 8.607082
4 9 8.608382
4 10 8.609884
4 11 8.611587
4 12 8.613492
4 13 8.615598
4 14 8.617905
4 15 8.620413
4 16 8.623122
4 17 8.626032
4 18 8.629143
4 19 8.632453
4 20 8.635964
4 21 8.639675
4 22 8.643585
4 23 8.647694
4 24 8.652002
4 25 8.65651
4 26 8.661215
4 27 8.666118
4 28 8.67122
4 29 8.676518
4 30 8.682014
4 31 8.687706
4 32 8.693594
4 33 8.699679
4 34 8.705958
4 35 8.712433
4 36 8.719103
4 37 8.725966
4 38 8.733023
4 39 8.740274
4 40 8.747717
4 41 8.755352
4 42 8.763179
4 43 8.771198
4 44 8.779407
4 45 8.787806
4 46 8.796395
4 47 8.805172
5 0 9.0776
5 1 9.069161
5 2 9.060906
5 3 9.052836
5 4 9.044951
5 5 9.037251
5 6 9.029737
5 7 9.02241
5 8 9.015269
5 9 9.008316
5 10 9.001551
5 11 8.994974
5 12 8.988585
5 13 8.982386
5 14 8.976375
5 15 8.970555
5 16 8.964925
5 17 8.959485
5 18 8.954236
5 19 8.949178
5 20 8.944312
5 21 8.939638
5 22 8.935156
5 23 8.930866
5 24 8.926769
5 25 8.922864
5 26 8.919153
5 27 8.915636
5 28 8.912312
5 29 8.909182
5 30 8.906246
5 31 8.903505
5 32 8.900958
5 33 8.898605
5 34 8.896448
5 35 8.894485
5 36 8.892717
5 37 8.891145
5 38 8.889768
5 39 8.888586
5 40 8.8876
5 41 8.886809
5 42 8.886214
5 43 8.885814
5 44 8.88561
5 45 8.885602
5 46 8.885789
5 47 8.886172
6 0 9.080368
6 1 9.071932
6 2 9.06368
6 3 9.055612
6 4 9.047729
6 5 9.040032
6 6 9.03252
6 7 9.025195
6 8 9.018057
6 9 9.011106
6 10 9.004342
6 11 8.997767
6 12 8.991381
6 13 8.985183
6 14 8.979175
6 15 8.973356
6 16 8.967728
6 17 8.96229
6 18 8.957042
6 19 8.951986
6 20 8.947121
6 21 8.942449
6 22 8.937968
6 23 8.933679
6 24 8.929583
6 25 8.92568
6 26 8.921971
6 27 8.918454
6 28 8.915132
6 29 8.912003
6 30 8.909068
6 31 8.906327
6 32 8.903781
6 33 8.901429
6 34 8.899272
6 35 8.89731
6 36 8.895543
6 37 8.893971
6 38 8.892594
6 39 8.891413
6 40 8.890427
6 41 8.889637
6 42 8.889042
6 43 8.888642
6 44 8.888438
6 45 8.88843
6 46 8.888617
6 47 8.889
7 0 8.893508
7 1 8.884894
7 2 8.876468
7 3 8.86823
7 4 8.86018
7 5 8.85232
7 6 8.844649
7 7 8.837168
7 8 8.829878
7 9 8.822778
7 10 8.815871
7 11 8.809155
7 12 8.802631
7 13 8.796301
7 14 8.790163
7 15 8.78422
7 16 8.77847
7 17 8.772914
7 18 8.767554
7 19 8.762388
7 20 8.757418
7 21 8.752644
7 22 8.748066
7 23 8.743685
7 24 8.7395
7 25 8.735512
7 26 8.731721
7 27 8.728128
7 28 8.724733
7 29 8.721536
7 30 8.718537
7 31 8.715736
7 32 8.713134
7 33 8.710731
7 34 8.708527
7 35 8.706522
7 36 8.704716
7 37 8.70311
7 38 8.701703
7 39 8.700495
7 40 8.699488
7 41 8.69868
7 42 8.698072
7 43 8.697664
7 44 8.697455
7 45 8.697447
7 46 8.697638
7 47 8.69803
8 0 9.076851
8 1 9.068412
8 2 9.060156
8 3 9.052085
8 4 9.044199
8 5 9.036499
8 6 9.028985
8 7 9.021657
8 8 9.014516
8 9 9.007562
8 10 9.000796
8 11 8.994218
8 12 8.987829
8 13 8.981629
8 14 8.975618
8 15 8.969797
8 16 8.964167
8 17 8.958726
8 18 8.953477
8 19 8.948419
8 20 8.943552
8 21 8.938878
8 22 8.934395
8 23 8.930105
8 24 8.926007
8 25 8.922103
8 26 8.918391
8 27 8.914874
8 28 8.91155
8 29 8.908419
8 30 8.905483
8 31 8.902741
8 32 8.900194
8 33 8.897842
8 34 8.895684
8 35 8.893721
8 36 8.891953
8 37 8.890381
8 38 8.889003
8 39 8.887822
8 40 8.886835
8 41 8.886044
8 42 8.885449
8 43 8.885049
8 44 8.884845
8 45 8.884837
8 46 8.885025
8 47 8.885408
9 0 9.070563
9 1 9.062118
9 2 9.053856
9 3 9.04578
9 4 9.037888
9 5 9.030183
9 6 9.022663
9 7 9.01533
9 8 9.008184
9 9 9.001225
9 10 8.994454
9 11 8.987872
9 12 8.981478
9 13 8.975274
9 14 8.969259
9 15 8.963434
9 16 8.957799
9 17 8.952355
9 18 8.947102
9 19 8.94204
9 20 8.93717
9 21 8.932492
9 22 8.928006
9 23 8.923713
9 24 8.919613
9 25 8.915705
9 26 8.911991
9 27 8.908471
9 28 8.905144
9 29 8.902012
9 30 8.899074
9 31 8.89633
9 32 8.893781
9 33 8.891427
9 34 8.889267
9 35 8.887303
9 36 8.885534
9 37 8.88396
9 38 8.882582
9 39 8.881399
9 40 8.880412
9 41 8.879621
9 42 8.879025
9 43 8.878625
9 44 8.878421
9 45 8.878413
9 46 8.8786
9 47 8.878984
10 0 8.960866
10 1 8.960756
10 2 8.960839
10 3 8.961117
10 4 8.961589
10 5 8.962255
10 6 8.963115
10 7 8.964168
10 8 8.965415
10 9 8.966857
10 10 8.968491
10 11 8.970319
10 12 8.972341
10 13 8.974556
10 14 8.976964
10 15 8.979565
10 16 8.982359
10 17 8.985345
10 18 8.988524
10 19 8.991895
10 20 8.995458
10 21 8.999212
10 22 9.003159
10 23 9.007296
10 24 9.011625
10 25 9.016144
10 26 9.020854
10 27 9.025754
10 28 9.030844
10 29 9.036123
10 30 9.041592
10 31 9.047249
10 32 9.053095
10 33 9.059129
10 34 9.065351
10 35 9.07176
10 36 9.078357
10 37 9.085139
10 38 9.092108
10 39 9.099263
10 40 9.106603
10 41 9.114128
10 42 9.121837
10 43 9.12973
10 44 9.137806
10 45 9.146066
10 46 9.154508
10 47 9.163132
11 0 8.688729
11 1 8.688616
11 2 8.688702
11 3 8.688989
11 4 8.689475
11 5 8.690162
11 6 8.691049
11 7 8.692135
11 8 8.693421
11 9 8.694908
11 10 8.696593
11 11 8.698479
11 12 8.700564
11 13 8.702848
11 14 8.705331
11 15 8.708013
11 16 8.710894
11 17 8.713973
11 18 8.717251
11 19 8.720727
11 20 8.7244
11 21 8.728272
11 22 8.73234
11 23 8.736606
11 24 8.741069
11 25 8.745728
11 26 8.750584
11 27 8.755635
11 28 8.760882
11 29 8.766324
11 30 8.77196
11 31 8.777792
11 32 8.783817
11 33 8.790036
11 34 8.796448
11 35 8.803053
11 36 8.80985
11 37 8.81684
11 38 8.82402
11 39 8.831392
11 40 8.838955
11 41 8.846707
11 42 8.854649
11 43 8.86278
11 44 8.8711
11 45 8.879607
11 46 8.888302
11 47 8.897184
12 0 8.792985
12 1 8.792872
12 2 8.792958
12 3 8.793241
12 4 8.793722
12 5 8.7944
12 6 8.795276
12 7 8.79635
12 8 8.797621
12 9 8.79909
12 10 8.800756
12 11 8.802619
12 12 8.804679
12 13 8.806936
12 14 8.80939
12 15 8.81204
12 16 8.814887
12 17 8.81793
12 18 8.821169
12 19 8.824604
12 20 8.828234
12 21 8.83206
12 22 8.836081
12 23 8.840297
12 24 8.844707
12 25 8.849312
12 26 8.854111
12 27 8.859103
12 28 8.864288
12 29 8.869667
12 30 8.875238
12 31 8.881001
12 32 8.886957
12 33 8.893103
12 34 8.899441
12 35 8.90597
12 36 8.912689
12 37 8.919598
12 38 8.926696
12 39 8.933983
12 40 8.941458
12 41 8.949122
12 42 8.956973
12 43 8.965011
12 44 8.973236
12 45 8.981647
12 46 8.990243
12 47 8.999025
13 0 8.703905
13 1 8.703792
13 2 8.703878
13 3 8.704164
13 4 8.70465
13 5 8.705335
13 6 8.706221
13 7 8.707305
13 8 8.708589
13 9 8.710073
13 10 8.711756
13 11 8.713638
13 12 8.715719
13 13 8.717999
13 14 8.720478
13 15 8.723155
13 16 8.726031
13 17 8.729105
13 18 8.732377
13 19 8.735847
13 20 8.739514
13 21 8.743379
13 22 8.747441
13 23 8.751699
13 24 8.756154
13 25 8.760805
13 26 8.765653
13 27 8.770695
13 28 8.775933
13 29 8.781365
13 30 8.786993
13 31 8.792814
13 32 8.798829
13 33 8.805037
13 34 8.811438
13 35 8.818032
13 36 8.824818
13 37 8.831795
13 38 8.838964
13 39 8.846323
13 40 8.853873
13 41 8.861612
13 42 8.869541
13 43 8.877658
13 44 8.885964
13 45 8.894457
13 46 8.903138
13 47 8.912005
14 0 8.990273
14 1 8.990164
14 2 8.990247
14 3 8.990524
14 4 8.990994
14 5 8.991658
14 6 8.992515
14 7 8.993565
14 8 8.994808
14 9 8.996245
14 10 8.997874
14 11 8.999696
14 12 9.001711
14 13 9.003919
14 14 9.006319
14 15 9.008912
14 16 9.011696
14 17 9.014673
14 18 9.017841
14 19 9.021201
14 20 9.024753
14 21 9.028495
14 22 9.032429
14 23 9.036553
14 24 9.040868
14 25 9.045372
14 26 9.050067
14 27 9.054951
14 28 9.060025
14 29 9.065287
14 30 9.070738
14 31 9.076377
14 32 9.082204
14 33 9.088219
14 34 9.094421
14 35 9.10081
14 36 9.107385
14 37 9.114146
14 38 9.121093
14 39 9.128225
14 40 9.135541
14 41 9.143042
14 42 9.150727
14 43 9.158595
14 44 9.166646
14 45 9.17488
14 46 9.183295
14 47 9.191892
15 0 8.566802
15 1 8.558388
15 2 8.55017
15 3 8.542147
15 4 8.53432
15 5 8.52669
15 6 8.519257
15 7 8.512021
15 8 8.504985
15 9 8.498146
15 10 8.491507
15 11 8.485068
15 12 8.478829
15 13 8.472791
15 14 8.466953
15 15 8.461317
15 16 8.455883
15 17 8.450651
15 18 8.445622
15 19 8.440795
15 20 8.436172
15 21 8.431753
15 22 8.427537
15 23 8.423526
15 24 8.41972
15 25 8.416118
15 26 8.412721
15 27 8.40953
15 28 8.406544
15 29 8.403765
15 30 8.401191
15 31 8.398823
15 32 8.396662
15 33 8.394707
15 34 8.392959
15 35 8.391418
15 36 8.390084
15 37 8.388957
15 38 8.388036
15 39 8.387324
15 40 8.386818
15 41 8.386519
15 42 8.386428
15 43 8.386544
15 44 8.386868
15 45 8.387399
15 46 8.388137
15 47 8.389082
16 0 8.569666
16 1 8.561256
16 2 8.55304
16 3 8.545019
16 4 8.537195
16 5 8.529567
16 6 8.522137
16 7 8.514904
16 8 8.50787
16 9 8.501034
16 10 8.494397
16 11 8.48796
16 12 8.481723
16 13 8.475687
16 14 8.469851
16 15 8.464217
16 16 8.458785
16 17 8.453555
16 18 8.448527
16 19 8.443702
16 20 8.439081
16 21 8.434663
16 22 8.430449
16 23 8.426439
16 24 8.422634
16 25 8.419033
16 26 8.415638
16 27 8.412448
16 28 8.409463
16 29 8.406684
16 30 8.404111
16 31 8.401745
16 32 8.399584
16 33 8.39763
16 34 8.395883
16 35 8.394342
16 36 8.393008
16 37 8.391882
16 38 8.390962
16 39 8.390249
16 40 8.389744
16 41 8.389445
16 42 8.389354
16 43 8.38947
16 44 8.389794
16 45 8.390324
16 46 8.391062
16 47 8.392007
17 0 8.388244
17 1 8.379651
17 2 8.371257
17 3 8.363062
17 4 8.355068
17 5 8.347274
17 6 8.339681
17 7 8.33229
17 8 8.325101
17 9 8.318115
17 10 8.311332
17 11 8.304753
17 12 8.298378
17 13 8.292208
17 14 8.286244
17 15 8.280485
17 16 8.274932
17 17 8.269585
17 18 8.264446
17 19 8.259514
17 20 8.254789
17 21 8.250272
17 22 8.245964
17 23 8.241865
17 24 8.237974
17 25 8.234293
17 26 8.230821
17 27 8.22756
17 28 8.224508
17 29 8.221666
17 30 8.219036
17 31 8.216616
17 32 8.214406
17 33 8.212408
17 34 8.210622
17 35 8.209046
17 36 8.207682
17 37 8.20653
17 38 8.205589
17 39 8.204861
17 40 8.204344
17 41 8.204039
17 42 8.203945
17 43 8.204064
17 44 8.204395
17 45 8.204937
17 46 8.205692
17 47 8.206658
18 0 8.58232
18 1 8.573921
18 2 8.565717
18 3 8.557709
18 4 8.549896
18 5 8.54228
18 6 8.534861
18 7 8.527639
18 8 8.520615
18 9 8.513789
18 10 8.507162
18 11 8.500735
18 12 8.494507
18 13 8.48848
18 14 8.482653
18 15 8.477028
18 16 8.471604
18 17 8.466381
18 18 8.461361
18 19 8.456544
18 20 8.45193
18 21 8.447518
18 22 8.443311
18 23 8.439307
18 24 8.435508
18 25 8.431913
18 26 8.428523
18 27 8.425337
18 28 8.422357
18 29 8.419583
18 30 8.417014
18 31 8.414651
18 32 8.412493
18 33 8.410542
18 34 8.408798
18 35 8.407259
18 36 8.405928
18 37 8.404803
18 38 8.403884
18 39 8.403173
18 40 8.402668
18 41 8.40237
18 42 8.402279
18 43 8.402395
18 44 8.402718
18 45 8.403248
18 46 8.403984
18 47 8.404928
19 0 8.592099
19 1 8.58371
19 2 8.575515
19 3 8.567516
19 4 8.559712
19 5 8.552105
19 6 8.544694
19 7 8.53748
19 8 8.530464
19 9 8.523647
19 10 8.517027
19 11 8.510608
19 12 8.504387
19 13 8.498367
19 14 8.492547
19 15 8.486928
19 16 8.48151
19 17 8.476294
19 18 8.47128
19 19 8.466468
19 20 8.461859
19 21 8.457453
19 22 8.45325
19 23 8.449252
19 24 8.445457
19 25 8.441866
19 26 8.43848
19 27 8.435298
19 28 8.432322
19 29 8.42955
19 30 8.426984
19 31 8.424624
19 32 8.422469
19 33 8.420521
19 34 8.418778
19 35 8.417242
19 36 8.415911
19 37 8.414788
19 38 8.41387
19 39 8.41316
19 40 8.412655
19 41 8.412358
19 42 8.412267
19 43 8.412383
19 44 8.412705
19 45 8.413235
19 46 8.41397
19 47 8.414912
  
  
  
  
  
  
  
  
  
  
  
  
  
  
  
  
  
  
  
  
  
  
  
  
  
  
  
  
  
  
  
  
  
  
  
  
  
  
