Common TimeShift, ns
-175
Plane	 Strip	 TimeShift, ns
0 0 8.58924
0 1 8.58907
0 2 8.58909
0 3 8.58932
0 4 8.58975
0 5 8.59038
0 6 8.59122
0 7 8.59225
0 8 8.59349
0 9 8.59493
0 10 8.59658
0 11 8.59842
0 12 8.60047
0 13 8.60272
0 14 8.60517
0 15 8.60782
0 16 8.61067
0 17 8.61372
0 18 8.61698
0 19 8.62043
0 20 8.62409
0 21 8.62794
0 22 8.632
0 23 8.63625
0 24 8.6407
0 25 8.64535
0 26 8.6502
0 27 8.65525
0 28 8.6605
0 29 8.66594
0 30 8.67158
0 31 8.67742
0 32 8.68345
0 33 8.68968
0 34 8.69611
0 35 8.70272
0 36 8.70954
0 37 8.71655
0 38 8.72375
0 39 8.73115
0 40 8.73873
0 41 8.74651
0 42 8.75448
0 43 8.76265
0 44 8.771
0 45 8.77955
0 46 8.78828
0 47 8.7972
1 0 8.31158
1 1 8.3114
1 2 8.31142
1 3 8.31166
1 4 8.3121
1 5 8.31276
1 6 8.31362
1 7 8.31469
1 8 8.31597
1 9 8.31746
1 10 8.31916
1 11 8.32106
1 12 8.32318
1 13 8.3255
1 14 8.32803
1 15 8.33077
1 16 8.33372
1 17 8.33687
1 18 8.34024
1 19 8.34381
1 20 8.34758
1 21 8.35156
1 22 8.35575
1 23 8.36015
1 24 8.36475
1 25 8.36955
1 26 8.37456
1 27 8.37977
1 28 8.38519
1 29 8.39081
1 30 8.39664
1 31 8.40267
1 32 8.4089
1 33 8.41533
1 34 8.42196
1 35 8.4288
1 36 8.43583
1 37 8.44307
1 38 8.45051
1 39 8.45814
1 40 8.46597
1 41 8.474
1 42 8.48223
1 43 8.49066
1 44 8.49928
1 45 8.50809
1 46 8.5171
1 47 8.52631
2 0 8.41414
2 1 8.41396
2 2 8.41399
2 3 8.41422
2 4 8.41466
2 5 8.41531
2 6 8.41616
2 7 8.41722
2 8 8.41848
2 9 8.41995
2 10 8.42163
2 11 8.42351
2 12 8.4256
2 13 8.4279
2 14 8.4304
2 15 8.43311
2 16 8.43602
2 17 8.43913
2 18 8.44245
2 19 8.44598
2 20 8.44971
2 21 8.45364
2 22 8.45778
2 23 8.46212
2 24 8.46667
2 25 8.47141
2 26 8.47636
2 27 8.48151
2 28 8.48687
2 29 8.49242
2 30 8.49818
2 31 8.50413
2 32 8.51029
2 33 8.51665
2 34 8.5232
2 35 8.52996
2 36 8.53691
2 37 8.54406
2 38 8.5514
2 39 8.55895
2 40 8.56669
2 41 8.57463
2 42 8.58276
2 43 8.59108
2 44 8.5996
2 45 8.60832
2 46 8.61722
2 47 8.62632
3 0 8.32764
3 1 8.32745
3 2 8.32748
3 3 8.32772
3 4 8.32816
3 5 8.32881
3 6 8.32967
3 7 8.33074
3 8 8.33202
3 9 8.33351
3 10 8.3352
3 11 8.3371
3 12 8.33922
3 13 8.34153
3 14 8.34406
3 15 8.34679
3 16 8.34974
3 17 8.35288
3 18 8.35624
3 19 8.3598
3 20 8.36357
3 21 8.36754
3 22 8.37173
3 23 8.37611
3 24 8.3807
3 25 8.3855
3 26 8.3905
3 27 8.3957
3 28 8.40111
3 29 8.40672
3 30 8.41254
3 31 8.41855
3 32 8.42477
3 33 8.43119
3 34 8.43781
3 35 8.44463
3 36 8.45166
3 37 8.45888
3 38 8.4663
3 39 8.47392
3 40 8.48174
3 41 8.48975
3 42 8.49797
3 43 8.50638
3 44 8.51498
3 45 8.52378
3 46 8.53278
3 47 8.54197
4 0 8.6203
4 1 8.62012
4 2 8.62015
4 3 8.62037
4 4 8.6208
4 5 8.62143
4 6 8.62226
4 7 8.6233
4 8 8.62453
4 9 8.62597
4 10 8.6276
4 11 8.62944
4 12 8.63148
4 13 8.63372
4 14 8.63616
4 15 8.6388
4 16 8.64165
4 17 8.64469
4 18 8.64793
4 19 8.65137
4 20 8.65501
4 21 8.65886
4 22 8.6629
4 23 8.66713
4 24 8.67157
4 25 8.67621
4 26 8.68104
4 27 8.68607
4 28 8.6913
4 29 8.69672
4 30 8.70234
4 31 8.70816
4 32 8.71417
4 33 8.72038
4 34 8.72678
4 35 8.73337
4 36 8.74016
4 37 8.74715
4 38 8.75433
4 39 8.76169
4 40 8.76926
4 41 8.77701
4 42 8.78495
4 43 8.79309
4 44 8.80141
4 45 8.80993
4 46 8.81863
4 47 8.82752
5 0 9.08802
5 1 9.07972
5 2 9.07161
5 3 9.06368
5 4 9.05593
5 5 9.04838
5 6 9.041
5 7 9.03382
5 8 9.02682
5 9 9.02001
5 10 9.01338
5 11 9.00695
5 12 9.0007
5 13 8.99464
5 14 8.98878
5 15 8.9831
5 16 8.97761
5 17 8.97231
5 18 8.9672
5 19 8.96229
5 20 8.95756
5 21 8.95303
5 22 8.94868
5 23 8.94454
5 24 8.94058
5 25 8.93681
5 26 8.93324
5 27 8.92987
5 28 8.92668
5 29 8.92369
5 30 8.92089
5 31 8.91829
5 32 8.91588
5 33 8.91367
5 34 8.91165
5 35 8.90982
5 36 8.90819
5 37 8.90676
5 38 8.90552
5 39 8.90447
5 40 8.90362
5 41 8.90297
5 42 8.90251
5 43 8.90225
5 44 8.90218
5 45 8.9023
5 46 8.90263
5 47 8.90314
6 0 9.09103
6 1 9.08274
6 2 9.07463
6 3 9.0667
6 4 9.05896
6 5 9.05141
6 6 9.04404
6 7 9.03685
6 8 9.02986
6 9 9.02305
6 10 9.01643
6 11 9.00999
6 12 9.00375
6 13 8.99769
6 14 8.99183
6 15 8.98615
6 16 8.98066
6 17 8.97537
6 18 8.97026
6 19 8.96535
6 20 8.96062
6 21 8.95609
6 22 8.95175
6 23 8.9476
6 24 8.94365
6 25 8.93988
6 26 8.93631
6 27 8.93294
6 28 8.92975
6 29 8.92676
6 30 8.92397
6 31 8.92137
6 32 8.91896
6 33 8.91675
6 34 8.91473
6 35 8.9129
6 36 8.91127
6 37 8.90984
6 38 8.9086
6 39 8.90755
6 40 8.90671
6 41 8.90605
6 42 8.90559
6 43 8.90533
6 44 8.90526
6 45 8.90538
6 46 8.90571
6 47 8.90622
7 0 8.90411
7 1 8.89564
7 2 8.88736
7 3 8.87927
7 4 8.87136
7 5 8.86365
7 6 8.85612
7 7 8.84879
7 8 8.84164
7 9 8.83469
7 10 8.82793
7 11 8.82135
7 12 8.81498
7 13 8.80879
7 14 8.8028
7 15 8.797
7 16 8.79139
7 17 8.78598
7 18 8.78077
7 19 8.77575
7 20 8.77092
7 21 8.76629
7 22 8.76186
7 23 8.75762
7 24 8.75358
7 25 8.74973
7 26 8.74608
7 27 8.74263
7 28 8.73938
7 29 8.73633
7 30 8.73347
7 31 8.73081
7 32 8.72835
7 33 8.72609
7 34 8.72403
7 35 8.72216
7 36 8.7205
7 37 8.71903
7 38 8.71777
7 39 8.7167
7 40 8.71583
7 41 8.71516
7 42 8.71469
7 43 8.71442
7 44 8.71435
7 45 8.71448
7 46 8.71481
7 47 8.71534
8 0 9.08749
8 1 9.0792
8 2 9.07108
8 3 9.06315
8 4 9.05541
8 5 9.04785
8 6 9.04048
8 7 9.03329
8 8 9.02629
8 9 9.01948
8 10 9.01286
8 11 9.00642
8 12 9.00018
8 13 8.99412
8 14 8.98825
8 15 8.98257
8 16 8.97708
8 17 8.97178
8 18 8.96667
8 19 8.96176
8 20 8.95703
8 21 8.9525
8 22 8.94815
8 23 8.944
8 24 8.94005
8 25 8.93628
8 26 8.93271
8 27 8.92933
8 28 8.92615
8 29 8.92316
8 30 8.92036
8 31 8.91776
8 32 8.91535
8 33 8.91314
8 34 8.91112
8 35 8.90929
8 36 8.90766
8 37 8.90623
8 38 8.90499
8 39 8.90394
8 40 8.90309
8 41 8.90244
8 42 8.90198
8 43 8.90171
8 44 8.90164
8 45 8.90177
8 46 8.90209
8 47 8.90261
9 0 9.08093
9 1 9.07263
9 2 9.06451
9 3 9.05657
9 4 9.04882
9 5 9.04126
9 6 9.03388
9 7 9.02669
9 8 9.01969
9 9 9.01287
9 10 9.00624
9 11 8.9998
9 12 8.99355
9 13 8.98749
9 14 8.98161
9 15 8.97593
9 16 8.97044
9 17 8.96513
9 18 8.96002
9 19 8.9551
9 20 8.95037
9 21 8.94584
9 22 8.94149
9 23 8.93734
9 24 8.93338
9 25 8.92961
9 26 8.92604
9 27 8.92266
9 28 8.91947
9 29 8.91648
9 30 8.91368
9 31 8.91107
9 32 8.90866
9 33 8.90645
9 34 8.90443
9 35 8.9026
9 36 8.90097
9 37 8.89953
9 38 8.89829
9 39 8.89724
9 40 8.89639
9 41 8.89574
9 42 8.89528
9 43 8.89501
9 44 8.89494
9 45 8.89507
9 46 8.89539
9 47 8.89591
10 0 8.94386
10 1 8.94388
10 2 8.9441
10 3 8.94451
10 4 8.94511
10 5 8.94591
10 6 8.94691
10 7 8.9481
10 8 8.94948
10 9 8.95106
10 10 8.95283
10 11 8.95479
10 12 8.95695
10 13 8.9593
10 14 8.96185
10 15 8.96459
10 16 8.96752
10 17 8.97064
10 18 8.97396
10 19 8.97747
10 20 8.98117
10 21 8.98506
10 22 8.98915
10 23 8.99342
10 24 8.99789
10 25 9.00255
10 26 9.0074
10 27 9.01244
10 28 9.01767
10 29 9.02309
10 30 9.02869
10 31 9.03449
10 32 9.04048
10 33 9.04665
10 34 9.05301
10 35 9.05956
10 36 9.0663
10 37 9.07322
10 38 9.08033
10 39 9.08763
10 40 9.09511
10 41 9.10277
10 42 9.11062
10 43 9.11865
10 44 9.12687
10 45 9.13527
10 46 9.14385
10 47 9.15262
11 0 8.67148
11 1 8.6715
11 2 8.67173
11 3 8.67215
11 4 8.67277
11 5 8.6736
11 6 8.67463
11 7 8.67585
11 8 8.67728
11 9 8.6789
11 10 8.68073
11 11 8.68276
11 12 8.68498
11 13 8.68741
11 14 8.69003
11 15 8.69286
11 16 8.69588
11 17 8.6991
11 18 8.70252
11 19 8.70614
11 20 8.70995
11 21 8.71397
11 22 8.71818
11 23 8.72259
11 24 8.7272
11 25 8.732
11 26 8.737
11 27 8.74219
11 28 8.74759
11 29 8.75317
11 30 8.75895
11 31 8.76493
11 32 8.7711
11 33 8.77746
11 34 8.78402
11 35 8.79077
11 36 8.79771
11 37 8.80485
11 38 8.81217
11 39 8.81969
11 40 8.8274
11 41 8.83529
11 42 8.84338
11 43 8.85166
11 44 8.86012
11 45 8.86877
11 46 8.87761
11 47 8.88664
12 0 8.77566
12 1 8.77569
12 2 8.77591
12 3 8.77633
12 4 8.77694
12 5 8.77776
12 6 8.77877
12 7 8.77998
12 8 8.78139
12 9 8.783
12 10 8.7848
12 11 8.78681
12 12 8.78901
12 13 8.7914
12 14 8.794
12 15 8.79679
12 16 8.79977
12 17 8.80296
12 18 8.80634
12 19 8.80991
12 20 8.81368
12 21 8.81765
12 22 8.82181
12 23 8.82617
12 24 8.83072
12 25 8.83547
12 26 8.84041
12 27 8.84555
12 28 8.85087
12 29 8.8564
12 30 8.86211
12 31 8.86802
12 32 8.87411
12 33 8.8804
12 34 8.88688
12 35 8.89356
12 36 8.90042
12 37 8.90747
12 38 8.91471
12 39 8.92214
12 40 8.92976
12 41 8.93757
12 42 8.94556
12 43 8.95374
12 44 8.96211
12 45 8.97067
12 46 8.97941
12 47 8.98833
13 0 8.6867
13 1 8.68672
13 2 8.68694
13 3 8.68737
13 4 8.68799
13 5 8.68881
13 6 8.68984
13 7 8.69106
13 8 8.69248
13 9 8.69411
13 10 8.69593
13 11 8.69795
13 12 8.70018
13 13 8.7026
13 14 8.70522
13 15 8.70804
13 16 8.71105
13 17 8.71427
13 18 8.71768
13 19 8.7213
13 20 8.72511
13 21 8.72911
13 22 8.73332
13 23 8.73772
13 24 8.74232
13 25 8.74711
13 26 8.7521
13 27 8.75729
13 28 8.76267
13 29 8.76825
13 30 8.77402
13 31 8.77998
13 32 8.78614
13 33 8.7925
13 34 8.79904
13 35 8.80578
13 36 8.81271
13 37 8.81983
13 38 8.82715
13 39 8.83465
13 40 8.84234
13 41 8.85023
13 42 8.8583
13 43 8.86656
13 44 8.87501
13 45 8.88365
13 46 8.89248
13 47 8.90149
14 0 8.97334
14 1 8.97337
14 2 8.97358
14 3 8.97399
14 4 8.9746
14 5 8.97539
14 6 8.97638
14 7 8.97757
14 8 8.97895
14 9 8.98052
14 10 8.98228
14 11 8.98424
14 12 8.98639
14 13 8.98874
14 14 8.99127
14 15 8.994
14 16 8.99692
14 17 9.00004
14 18 9.00334
14 19 9.00684
14 20 9.01053
14 21 9.01441
14 22 9.01848
14 23 9.02275
14 24 9.0272
14 25 9.03184
14 26 9.03668
14 27 9.0417
14 28 9.04691
14 29 9.05231
14 30 9.0579
14 31 9.06368
14 32 9.06965
14 33 9.0758
14 34 9.08214
14 35 9.08867
14 36 9.09539
14 37 9.10229
14 38 9.10938
14 39 9.11665
14 40 9.1241
14 41 9.13174
14 42 9.13957
14 43 9.14758
14 44 9.15577
14 45 9.16414
14 46 9.1727
14 47 9.18143
15 0 8.54431
15 1 8.53601
15 2 8.52791
15 3 8.52001
15 4 8.5123
15 5 8.50479
15 6 8.49747
15 7 8.49036
15 8 8.48344
15 9 8.47673
15 10 8.47021
15 11 8.4639
15 12 8.45778
15 13 8.45187
15 14 8.44616
15 15 8.44065
15 16 8.43534
15 17 8.43024
15 18 8.42534
15 19 8.42064
15 20 8.41615
15 21 8.41186
15 22 8.40777
15 23 8.40389
15 24 8.40022
15 25 8.39675
15 26 8.39349
15 27 8.39043
15 28 8.38758
15 29 8.38493
15 30 8.3825
15 31 8.38027
15 32 8.37824
15 33 8.37642
15 34 8.37481
15 35 8.37341
15 36 8.37221
15 37 8.37123
15 38 8.37045
15 39 8.36987
15 40 8.36951
15 41 8.36935
15 42 8.3694
15 43 8.36966
15 44 8.37013
15 45 8.3708
15 46 8.37168
15 47 8.37277
16 0 8.5469
16 1 8.53861
16 2 8.53051
16 3 8.52261
16 4 8.5149
16 5 8.50739
16 6 8.50008
16 7 8.49297
16 8 8.48606
16 9 8.47934
16 10 8.47283
16 11 8.46652
16 12 8.4604
16 13 8.45449
16 14 8.44878
16 15 8.44328
16 16 8.43797
16 17 8.43287
16 18 8.42797
16 19 8.42327
16 20 8.41878
16 21 8.41449
16 22 8.41041
16 23 8.40653
16 24 8.40286
16 25 8.39939
16 26 8.39613
16 27 8.39307
16 28 8.39022
16 29 8.38758
16 30 8.38514
16 31 8.38291
16 32 8.38089
16 33 8.37907
16 34 8.37746
16 35 8.37606
16 36 8.37486
16 37 8.37388
16 38 8.37309
16 39 8.37252
16 40 8.37216
16 41 8.372
16 42 8.37205
16 43 8.37231
16 44 8.37277
16 45 8.37345
16 46 8.37433
16 47 8.37542
17 0 8.3653
17 1 8.35683
17 2 8.34855
17 3 8.34048
17 4 8.3326
17 5 8.32493
17 6 8.31746
17 7 8.31019
17 8 8.30313
17 9 8.29626
17 10 8.28961
17 11 8.28315
17 12 8.27691
17 13 8.27086
17 14 8.26503
17 15 8.2594
17 16 8.25397
17 17 8.24876
17 18 8.24375
17 19 8.23895
17 20 8.23435
17 21 8.22997
17 22 8.2258
17 23 8.22183
17 24 8.21808
17 25 8.21453
17 26 8.21119
17 27 8.20807
17 28 8.20515
17 29 8.20245
17 30 8.19996
17 31 8.19768
17 32 8.19561
17 33 8.19375
17 34 8.1921
17 35 8.19067
17 36 8.18945
17 37 8.18844
17 38 8.18764
17 39 8.18705
17 40 8.18668
17 41 8.18652
17 42 8.18657
17 43 8.18684
17 44 8.18731
17 45 8.188
17 46 8.1889
17 47 8.19001
18 0 8.55962
18 1 8.55134
18 2 8.54325
18 3 8.53536
18 4 8.52767
18 5 8.52017
18 6 8.51287
18 7 8.50577
18 8 8.49887
18 9 8.49216
18 10 8.48566
18 11 8.47936
18 12 8.47325
18 13 8.46735
18 14 8.46165
18 15 8.45615
18 16 8.45085
18 17 8.44576
18 18 8.44087
18 19 8.43618
18 20 8.43169
18 21 8.42741
18 22 8.42333
18 23 8.41946
18 24 8.41579
18 25 8.41233
18 26 8.40907
18 27 8.40602
18 28 8.40318
18 29 8.40054
18 30 8.3981
18 31 8.39588
18 32 8.39386
18 33 8.39204
18 34 8.39043
18 35 8.38903
18 36 8.38784
18 37 8.38686
18 38 8.38608
18 39 8.3855
18 40 8.38514
18 41 8.38498
18 42 8.38503
18 43 8.38529
18 44 8.38576
18 45 8.38643
18 46 8.38731
18 47 8.38839
19 0 8.56973
19 1 8.56146
19 2 8.55338
19 3 8.5455
19 4 8.53782
19 5 8.53033
19 6 8.52304
19 7 8.51595
19 8 8.50905
19 9 8.50236
19 10 8.49586
19 11 8.48956
19 12 8.48347
19 13 8.47757
19 14 8.47188
19 15 8.46638
19 16 8.46109
19 17 8.45601
19 18 8.45112
19 19 8.44644
19 20 8.44196
19 21 8.43768
19 22 8.43361
19 23 8.42974
19 24 8.42608
19 25 8.42262
19 26 8.41937
19 27 8.41632
19 28 8.41348
19 29 8.41084
19 30 8.40841
19 31 8.40619
19 32 8.40417
19 33 8.40236
19 34 8.40075
19 35 8.39935
19 36 8.39816
19 37 8.39718
19 38 8.3964
19 39 8.39583
19 40 8.39546
19 41 8.39531
19 42 8.39536
19 43 8.39561
19 44 8.39608
19 45 8.39675
19 46 8.39763
19 47 8.39871  
