//*****************************************************
// BD (BARREL) detector for BMN project,
// geometry version 1_0
// generated Aug 29 2018 by macro create_geom_bmnbd.C
//*****************************************************
//*************************************************
bd01#1
cave
TUBE
air
0.0000000000 0.0000000000 -80.0000000000
39.5000000000 58.5000000000
0.0000000000 0.0000000000 80.0000000000
0.000000 8.800000 -241.000000
1. 0. 0. 0. 1. 0. 0. 0. 1.
//*************************************************
bd01steel#1
bd01#1
TUBE
steel
0.0000000000 0.0000000000 -80.0000000000
39.5000000000 40.0000000000
0.0000000000 0.0000000000 80.0000000000
0.000000 0.000000 0.000000
1. 0. 0. 0. 1. 0. 0. 0. 1.
//*************************************************
bd01strip#1
bd01#1
BOX
FscScint
3.500000 -3.500000 -80.000000
3.500000 3.500000 -80.000000
-3.500000 3.500000 -80.000000
-3.500000 -3.500000 -80.000000
3.500000 -3.500000 80.000000
3.500000 3.500000 80.000000
-3.500000 3.500000 80.000000
-3.500000 -3.500000 80.000000
0.000000 50.000000 0.000000
1.0000000000 0.0000000000 0.0000000000 0.0000000000 1.0000000000 0.0000000000 0.0000000000 0.0000000000 1.0000000000
//*************************************************
bd01strip#2
bd01#1
7.821723 49.384417 0.000000
0.9876883406 0.1564344650 0.0000000000 -0.1564344650 0.9876883406 0.0000000000 0.0000000000 0.0000000000 1.0000000000
//*************************************************
bd01strip#3
bd01#1
15.450850 47.552826 0.000000
0.9510565163 0.3090169944 0.0000000000 -0.3090169944 0.9510565163 0.0000000000 0.0000000000 0.0000000000 1.0000000000
//*************************************************
bd01strip#4
bd01#1
22.699525 44.550326 0.000000
0.8910065242 0.4539904997 0.0000000000 -0.4539904997 0.8910065242 0.0000000000 0.0000000000 0.0000000000 1.0000000000
//*************************************************
bd01strip#5
bd01#1
29.389263 40.450850 0.000000
0.8090169944 0.5877852523 0.0000000000 -0.5877852523 0.8090169944 0.0000000000 0.0000000000 0.0000000000 1.0000000000
//*************************************************
bd01strip#6
bd01#1
35.355339 35.355339 0.000000
0.7071067812 0.7071067812 0.0000000000 -0.7071067812 0.7071067812 0.0000000000 0.0000000000 0.0000000000 1.0000000000
//*************************************************
bd01strip#7
bd01#1
40.450850 29.389263 0.000000
0.5877852523 0.8090169944 0.0000000000 -0.8090169944 0.5877852523 0.0000000000 0.0000000000 0.0000000000 1.0000000000
//*************************************************
bd01strip#8
bd01#1
44.550326 22.699525 0.000000
0.4539904997 0.8910065242 0.0000000000 -0.8910065242 0.4539904997 0.0000000000 0.0000000000 0.0000000000 1.0000000000
//*************************************************
bd01strip#9
bd01#1
47.552826 15.450850 0.000000
0.3090169944 0.9510565163 0.0000000000 -0.9510565163 0.3090169944 0.0000000000 0.0000000000 0.0000000000 1.0000000000
//*************************************************
bd01strip#10
bd01#1
49.384417 7.821723 0.000000
0.1564344650 0.9876883406 0.0000000000 -0.9876883406 0.1564344650 0.0000000000 0.0000000000 0.0000000000 1.0000000000
//*************************************************
bd01strip#11
bd01#1
50.000000 0.000000 0.000000
0.0000000000 1.0000000000 0.0000000000 -1.0000000000 0.0000000000 0.0000000000 0.0000000000 0.0000000000 1.0000000000
//*************************************************
bd01strip#12
bd01#1
49.384417 -7.821723 0.000000
-0.1564344650 0.9876883406 0.0000000000 -0.9876883406 -0.1564344650 0.0000000000 0.0000000000 0.0000000000 1.0000000000
//*************************************************
bd01strip#13
bd01#1
47.552826 -15.450850 0.000000
-0.3090169944 0.9510565163 0.0000000000 -0.9510565163 -0.3090169944 0.0000000000 0.0000000000 0.0000000000 1.0000000000
//*************************************************
bd01strip#14
bd01#1
44.550326 -22.699525 0.000000
-0.4539904997 0.8910065242 0.0000000000 -0.8910065242 -0.4539904997 0.0000000000 0.0000000000 0.0000000000 1.0000000000
//*************************************************
bd01strip#15
bd01#1
40.450850 -29.389263 0.000000
-0.5877852523 0.8090169944 0.0000000000 -0.8090169944 -0.5877852523 0.0000000000 0.0000000000 0.0000000000 1.0000000000
//*************************************************
bd01strip#16
bd01#1
35.355339 -35.355339 0.000000
-0.7071067812 0.7071067812 0.0000000000 -0.7071067812 -0.7071067812 0.0000000000 0.0000000000 0.0000000000 1.0000000000
//*************************************************
bd01strip#17
bd01#1
29.389263 -40.450850 0.000000
-0.8090169944 0.5877852523 0.0000000000 -0.5877852523 -0.8090169944 0.0000000000 0.0000000000 0.0000000000 1.0000000000
//*************************************************
bd01strip#18
bd01#1
22.699525 -44.550326 0.000000
-0.8910065242 0.4539904997 0.0000000000 -0.4539904997 -0.8910065242 0.0000000000 0.0000000000 0.0000000000 1.0000000000
//*************************************************
bd01strip#19
bd01#1
15.450850 -47.552826 0.000000
-0.9510565163 0.3090169944 0.0000000000 -0.3090169944 -0.9510565163 0.0000000000 0.0000000000 0.0000000000 1.0000000000
//*************************************************
bd01strip#20
bd01#1
7.821723 -49.384417 0.000000
-0.9876883406 0.1564344650 0.0000000000 -0.1564344650 -0.9876883406 0.0000000000 0.0000000000 0.0000000000 1.0000000000
//*************************************************
bd01strip#21
bd01#1
0.000000 -50.000000 0.000000
-1.0000000000 0.0000000000 0.0000000000 -0.0000000000 -1.0000000000 0.0000000000 0.0000000000 0.0000000000 1.0000000000
//*************************************************
bd01strip#22
bd01#1
-7.821723 -49.384417 0.000000
-0.9876883406 -0.1564344650 0.0000000000 0.1564344650 -0.9876883406 0.0000000000 0.0000000000 0.0000000000 1.0000000000
//*************************************************
bd01strip#23
bd01#1
-15.450850 -47.552826 0.000000
-0.9510565163 -0.3090169944 0.0000000000 0.3090169944 -0.9510565163 0.0000000000 0.0000000000 0.0000000000 1.0000000000
//*************************************************
bd01strip#24
bd01#1
-22.699525 -44.550326 0.000000
-0.8910065242 -0.4539904997 0.0000000000 0.4539904997 -0.8910065242 0.0000000000 0.0000000000 0.0000000000 1.0000000000
//*************************************************
bd01strip#25
bd01#1
-29.389263 -40.450850 0.000000
-0.8090169944 -0.5877852523 0.0000000000 0.5877852523 -0.8090169944 0.0000000000 0.0000000000 0.0000000000 1.0000000000
//*************************************************
bd01strip#26
bd01#1
-35.355339 -35.355339 0.000000
-0.7071067812 -0.7071067812 0.0000000000 0.7071067812 -0.7071067812 0.0000000000 0.0000000000 0.0000000000 1.0000000000
//*************************************************
bd01strip#27
bd01#1
-40.450850 -29.389263 0.000000
-0.5877852523 -0.8090169944 0.0000000000 0.8090169944 -0.5877852523 0.0000000000 0.0000000000 0.0000000000 1.0000000000
//*************************************************
bd01strip#28
bd01#1
-44.550326 -22.699525 0.000000
-0.4539904997 -0.8910065242 0.0000000000 0.8910065242 -0.4539904997 0.0000000000 0.0000000000 0.0000000000 1.0000000000
//*************************************************
bd01strip#29
bd01#1
-47.552826 -15.450850 0.000000
-0.3090169944 -0.9510565163 0.0000000000 0.9510565163 -0.3090169944 0.0000000000 0.0000000000 0.0000000000 1.0000000000
//*************************************************
bd01strip#30
bd01#1
-49.384417 -7.821723 0.000000
-0.1564344650 -0.9876883406 0.0000000000 0.9876883406 -0.1564344650 0.0000000000 0.0000000000 0.0000000000 1.0000000000
//*************************************************
bd01strip#31
bd01#1
-50.000000 -0.000000 0.000000
-0.0000000000 -1.0000000000 0.0000000000 1.0000000000 -0.0000000000 0.0000000000 0.0000000000 0.0000000000 1.0000000000
//*************************************************
bd01strip#32
bd01#1
-49.384417 7.821723 0.000000
0.1564344650 -0.9876883406 0.0000000000 0.9876883406 0.1564344650 0.0000000000 0.0000000000 0.0000000000 1.0000000000
//*************************************************
bd01strip#33
bd01#1
-47.552826 15.450850 0.000000
0.3090169944 -0.9510565163 0.0000000000 0.9510565163 0.3090169944 0.0000000000 0.0000000000 0.0000000000 1.0000000000
//*************************************************
bd01strip#34
bd01#1
-44.550326 22.699525 0.000000
0.4539904997 -0.8910065242 0.0000000000 0.8910065242 0.4539904997 0.0000000000 0.0000000000 0.0000000000 1.0000000000
//*************************************************
bd01strip#35
bd01#1
-40.450850 29.389263 0.000000
0.5877852523 -0.8090169944 0.0000000000 0.8090169944 0.5877852523 0.0000000000 0.0000000000 0.0000000000 1.0000000000
//*************************************************
bd01strip#36
bd01#1
-35.355339 35.355339 0.000000
0.7071067812 -0.7071067812 0.0000000000 0.7071067812 0.7071067812 0.0000000000 0.0000000000 0.0000000000 1.0000000000
//*************************************************
bd01strip#37
bd01#1
-29.389263 40.450850 0.000000
0.8090169944 -0.5877852523 0.0000000000 0.5877852523 0.8090169944 0.0000000000 0.0000000000 0.0000000000 1.0000000000
//*************************************************
bd01strip#38
bd01#1
-22.699525 44.550326 0.000000
0.8910065242 -0.4539904997 0.0000000000 0.4539904997 0.8910065242 0.0000000000 0.0000000000 0.0000000000 1.0000000000
//*************************************************
bd01strip#39
bd01#1
-15.450850 47.552826 0.000000
0.9510565163 -0.3090169944 0.0000000000 0.3090169944 0.9510565163 0.0000000000 0.0000000000 0.0000000000 1.0000000000
//*************************************************
bd01strip#40
bd01#1
-7.821723 49.384417 0.000000
0.9876883406 -0.1564344650 0.0000000000 0.1564344650 0.9876883406 0.0000000000 0.0000000000 0.0000000000 1.0000000000
