3440
3441
3442
3443
3444
3445
3446
3447
3448
3449
3450
3451
3452
3453
3454
3455
3456
3457
3458
3459
3460
3461
3462
3463
3464
3465
3466
3467
3468
3469
3470
3471
3472
3473
3474
3475
3476
3477
3478
3479
3480
3481
3482
3483
3484
3485
3486
3487
3488
3489
3490
3491
3492
3493
3494
3495
3496
3497
3498
3499
3500
3501
3502
3503
3504
3505
3506
3507
3508
3509
3510
3511
3512
3513
3514
3515
3516
3517
3518
3519
3520
3521
3522
4158
4159
4160
4161
4162
4163
4164
4165
4166
4741
4742
4743
4744
4745
4746
4880
4881
4882
4883
4884
3826
3827
3597
3603
3604
3782
4912
4913
4914
4915
4916
4917
4918
4919
4920
4921
4922
4923
4924
4925
4927
4928
4930
4932
4935
4936
4937
4938
4939
4940
4941
4942
4943
4944
4945
4946
4947
4948
4949
4950
4951
4952
4953
4954
4956
4957
4958
4961
4963
4964
4965
4966
4968
4969
4970
4972
4974
4975
4976
4977
4978
